  761   711   673   501   848   747   606 
  814   590   910   528   889   758   832 
  622   991   865   861   545   614   655 
  605   507   926   557   608   858   571 
  853   897   875   516   860   612   703 
  961   946   606   800   828   814   772 
  947   611   876   566   840   754   819 
  688   612   560   973   586   932   821 
  958   835   522   662   889   925   908 
  888   560   516   531   948   523   747 
  654   623   851   599   694   710   679 
  626   804   522   934   947   910   664 
  915   709   680   898   514   656   653 
  552   753   542   789   811   607   816 
  895   621   636   668   590   727   543 
  624   885   940   876   516   908   961 
  751   971   574   856   725   689   849 
  820   748   522   875   537   586   861 
  772   745   659   921   921   631   786 
  886   911   587   664   608   985   830 
  904   806   699   850   631   576   594 
  602   940   903   700   804   907   759 
  775   953   736   812   650   597   759 
  593   912   863   934   505   755   572 
  885   566   823   936   527   956   901 
  585   509   713   995   753   875   519 
  835   518   879   784   717   562   942 
  831   868   775   769   750   977   570 
  750   791   770   664   603   951   827 
  953   511   880   978   902   544   825 
  800   598   537   689   912   713   685 
  724   894   803   972   969   901   722 
  511   913   702   780   756   869   517 
  595   532   954   868   904   604   515 
  571   983   567   516   835   655   585 
  555   870   961   718   732   932   511 
  607   512   653   679   824   707   804 
  871   563   610   595   909   625   985 
  703   818   627   520   834   601   750 
  619   967   758   885   676   838   890 
  554   796   871   924   690   683   772 
  723   944   541   517   816   917   811 
  786   728   914   535   792   896   570 
  624   786   581   922   800   880   982 
  955   955   745   746   937   712   689 
  866   741   997   951   571   812   546 
  625   922   811   956   686   708   819 
  892   537   984   517   721   883   606 
  850   691   695   667   759   910   847 
  662   588   866   884   754   766   978 
  805   812   962   595   822   669   505 
  832   828   951   713   798   619   960 
  781   658   726   702   939   850   587 
  903   552   770   597   738   905   624 
  853   961   656   935   596   934   630 
  941   540   984   903   567   793   680 
  646   857   548   784   992   642   601 
  837   671   876   732   665   827   613 
  933   982   669   844   930   540   785 
  839   718   523   910   539   865   951 
  501   511   815   920   642   958   626 
  707   955   999   836   706   565   965 
  632   954   831   578   642   738   920 
  778   782   682   833   702   790   879 
  720   979   616   693   651   843   706 
  782   921   887   606   725   706   938 
  903   695   911   630   627   895   838 
  705   945   720   580   671   830   811 
  934   519   643   923   670   595   696 
  786   652   948   810   586   982   901 
  889   724   888   643   704   546   851 
  762   702   664   690   631   856   885 
  730   832   612   998   651   725   728 
  706   611   901   728   879   793   784 
  816   936   543   544   993   710   567 
  657   853   945   518   723   817   810 
  645   927   976   618   742   727   810 
  556   922   952   563   823   851   728 
  725   761   643   899   693   916   674 
  932   709   867   532   898   529   841 
  818   502   848   890   843   531   870 
  568   794   769   622   585   685   842 
  998   523   977   732   574   996   598 
  572   615   793   867   897   818   782 
  869   717   902   642   890   503   616 
  608   900   627   563   774   779   578 
  645   631   517   577   976   828   820 
  745   685   816   899   935   775   767 
  502   583   661   649   997   768   722 
  738   905   752   975   919   594   736 
  813   964   832   820   768   980   512 
  718   861   563   917   866   713   729 
  779   854   655   793   849   850   707 
  576   708   990   768   708   920   685 
  575   921   568   848   635   942   591 
  604   711   750   890   647   947   839 
  757   893   850   866   920   996   703 
  593   634   949   760   733   894   888 
  919   948   812   949   827   534   993 
  868   678   625   875   556   602   746 
