  764   996   987   840   975   515   658 
  637   627   673   970   764   928   800 
  606   768   626   584   625   676   945 
  862   851   626   733   984   816   500 
  581   622   687   950   804   537   638 
  518   828   909   782   567   672   584 
  525   565   686   847   668   819   815 
  736   581   861   840   610   757   653 
  916   620   686   536   648   591   783 
  854   677   542   736   529   748   746 
  568   514   661  1000   840   702   746 
  977   773   822   765   712   744   729 
  545   746   875   946   657   980   722 
  685   696   647   566   761   772   598 
  701   850   870   525   771   734   725 
  907   720   595   751   787   789   519 
  963   594   769   899   985   702   937 
  592   562   516   784   884   733   894 
  979   625   595   560   507   971   547 
  661   726   775   611   659   812   954 
  577   684   743   927   990   580   973 
  751   653   631   849   865   814   559 
  558   863   745   596   736   548   590 
  567   598   933   939   667   614   624 
  967   978   849   911   877   537   978 
  902   767   919   867   683   807   562 
  966   953   941   701   635   575   701 
  811   972   540   741   859   837   671 
  504   732   845   683   701   907   579 
  627   856   961   566   634   804   730 
  916   685   531   882   775   644   681 
  523   643   869   716   585   565   771 
  603   961   606   966   816   907   858 
  940   782   604   799   574   624   908 
  508   950   893   574   590   963   849 
  845   928   687   657   676   825   796 
  744   866   600   580   846   789   822 
  680   797   734   950   602   700   855 
  556   811   563   919   729   967   857 
  707   558   561   895   750   722   781 
  593   635   674   549   645   829   820 
  627   578   512   604   862   741   836 
  633   951   948   524   756   920   935 
  657   749   868   518   838   666   630 
  764   990   912   962   814   718   563 
  518   779   874   793   715   762   814 
  876   935   559   834   621   903   730 
  752   590   764   503   811   721   940 
  974   671   707   965   782   697   564 
  964   763   501   622   632   945   864 
  667   826   535   933   617   547   892 
  744   537   829   962   505   768   702 
  652   946   713   660   555   861   998 
 1000   821   828   876   605   522   557 
  783   861   892   915   868   804   573 
  938   620   871   505   872   730   540 
  889   645   995   804   500   628   674 
  717   728   913   800   650   547   778 
  566   949   698   625   570   842   751 
  889   547   737   706   826   944   754 
  873   951   537   873   689   576   802 
  649   557   785   877   651   994   691 
  565   995   633   589   973   656   631 
  696   891   724   666   517   915   790 
  528   798   656   827   818   737   911 
  619   784   795   676   864   677   786 
  833   539   670   967   701   899   796 
  547   717   703   550   705   923   640 
  897   553   834   587   694   978   977 
  556   593   681   526   807   705   658 
  934   698   830   770   570   793   721 
  997   854   874   828   845   544   524 
  793   945   773   502   942   607   991 
  794   702   876   697   624   860   918 
  656   740   502   660   568   813   791 
  883   932   876   887   572   995   665 
  816   601   853   895   721   986   664 
  617   715   979   840   557   686   789 
  898   658   863   843   505   512   695 
  787   562   540   896   808   704   724 
  773   979   615   776   879   955   710 
  550   634   712   902   875   708   824 
  896   693   634   637   912   658   570 
  874   513   602   964   600   964   908 
  856   575   909   633   638   623   735 
  901   673   926   688   770   758   532 
  805   953   551   819   679   676   839 
  573   780   963   535   590   779   974 
  603   840   745   505   765   854   601 
  956   619   858   693   963   721   596 
  619   716   669   992   695   583   547 
  832   986   673   877   935   597   595 
  551   543   955   883   905   717   507 
  502   807   638   568   838   936   502 
  506   900   505   583   952   956   985 
  838   768   560   629   897   547   939 
  820   935   953   562   632   671   686 
  908   679   594   982   793   612   641 
  761   629   955   709   588   735   691 
  597   601   654   894   772   588   784 
