  713   913   517   848   681   839   562 
  919   953   526   597   874   703   556 
  636   680   737   976   846   706   815 
  566   524   662   690   504   509   939 
  920   744   768   959   592   666   854 
  733   910   539   863   932   567   714 
  842   638   938   547   634   797   618 
  703   527   844   835   722   572   842 
  783   968   661   505   801   643   696 
  787   787   562   595   782   995   991 
  625   739   995   752   564   797   542 
  646   956   622   515   656   916   541 
  554   733   964   956   642   627   905 
  855   704   528   552   609   725   643 
  595   688   769   920   639   688   890 
  694   896   558   613   613   502   605 
  527   976   526   809   617   557   639 
  691   578   736   783   618   996   921 
  576   538   702   529   917   744   822 
  641   529   920   964   784   562   622 
  919   730   924   891   554   762   860 
  789   548   618   773   974   739   718 
  873   645   636   947   673   862   910 
  672   918   988   667   558   999   724 
  707   688   744   594   739   823   557 
  540   774   555   736   702   818   731 
  703   851   692   587   610   559   954 
  899   721   609   677   520   736   889 
  780   823   672   605   703   630   715 
  611   690   771   718   753   907   699 
  770   753   715   980   530   889   894 
  521   750   968   815   941   700   800 
  580   996   842   800   521   511   882 
  560   521   878   925   692   884   513 
  905   668   699   997   731   564   685 
  907   908   859   699   554   889   784 
  721   859   993   699   959   508   528 
  892   962   948   754   529   917   506 
  679   838   892   662   664   861   862 
  565   520   957   990   777   740   593 
  835   572   599   981   914   783   784 
  836   703   572   918   975   567   965 
  644   716   617   590   828   659   517 
  718   856   720   709   610   798   847 
  611   780   984   540   854   900   887 
  763   560   505   939   555   898   515 
  744   735   781   854   952   619   781 
  531   968   850   589   594   696   502 
  811   865   993   576   849   831   714 
  906   621   555   500   810   971   953 
 1000   665   653   846   972   850   677 
  866   811   802   642   871   536   833 
  820   753   610   572   516   983   601 
  866   873   674   930   569   533   741 
  706   903   966   555   703   606   526 
  724   888   923   641   734   617   746 
  512   918   949   934   578   764   880 
  647   933   600   510   541   533   939 
  918   949   525   501   982   744   603 
  867   685   959   740   652   564   930 
  689   543   651   883   724   913   825 
  779   569   863   636   588   971   826 
  995   896   814   605   917   531   807 
  807   513   613   738   954   983   593 
  550   773   638   841   666   554   884 
  570   651   512   782   694   939   709 
  807   851   689   913   558   936   563 
  511   527   896   803   909   947   890 
  947   910   958   539   829   563   784 
  609   512   956   669   666   631   800 
  556   628   632   599   793   554   825 
  895   736   979   546   910   642   741 
  607   917   876   884   816   712   550 
  919   829   910   501   555   916   946 
  725   588   855   872   822   527   694 
  865   766   626   778   617   697   589 
  557   704   716   958   948   902   508 
  547   557   765   974   539   635   519 
  987   583   795   572   827   803   774 
  974   571   922   869   805   645   569 
  958   602   784   676   662   985   564 
  514   896   807   543   562   906   962 
  642   914   902   970   962   967   506 
  868   700   965   515   808   756   767 
  938   869   617   767   562   527   785 
  632   549   794   741   908   558   527 
  974   971   775   791   537   908   797 
  882   777   711   804   759   724   502 
  704   631   566   775   908   771   722 
  530   673   905   923   587   751   814 
  822   553   988   752   862   730   624 
  659   826   808   510   778   923   781 
  863   805   632   899   585   970   768 
  548   815   600   876   638   623   648 
  532   726   846   861   953   806   972 
  522   974   831   976   719   549   710 
  940   529   770   797   592   909   861 
  587   577   544   780   790   958   659 
  569   651   728   523   876   747   555 
  968   659   941   854   630   628   711 
