  700   807   717   692   753   855   593 
  917   823   688   674   882   723   955 
  737   737   926   902   862   850   640 
  572   878   597   712   512   791   518 
  747   711   707   510   828   997   924 
  531   982   948   781   710   750   563 
  983   664   793   573   585   959   853 
  890   765   788   705   505   543   589 
  958   608   852   577   800   611   626 
  659   529   972   566   709   614   845 
  831   531   922   546   903   543   566 
  788   769   938   609   849   608   921 
  529   999   716   602   663   627   601 
  856   697   809   979   772   683   892 
  656   813   754   901   816   557   803 
  579   603   629   779   531   985   640 
  791   872   815   765   536   767   520 
  735   955   844   679   648   774   552 
  811   847   836   935   795   554   925 
  807   874   529   913   966   844   771 
  839   920   519   846   910   635   701 
  797   735   841   535   909   549   796 
  529   937   533   515   971   800   711 
  787   929   548   577   663   789   915 
  901   546   844   660   666   735   942 
  667   828   963   883   998   982   809 
  919   820   700   657   693   587   531 
  959   873   887   835   743   508   784 
  924   607   675   735   651   830   841 
  667   826   671   904   828   676   874 
