  764   996   987   840   975   515   658 
  637   627   673   970   764   928   800 
  606   768   626   584   625   676   945 
  862   851   626   733   984   816   500 
  581   622   687   950   804   537   638 
  518   828   909   782   567   672   584 
  525   565   686   847   668   819   815 
  736   581   861   840   610   757   653 
  916   620   686   536   648   591   783 
  854   677   542   736   529   748   746 
  568   514   661  1000   840   702   746 
  977   773   822   765   712   744   729 
  545   746   875   946   657   980   722 
  685   696   647   566   761   772   598 
  701   850   870   525   771   734   725 
  907   720   595   751   787   789   519 
  963   594   769   899   985   702   937 
  592   562   516   784   884   733   894 
  979   625   595   560   507   971   547 
  661   726   775   611   659   812   954 
  577   684   743   927   990   580   973 
  751   653   631   849   865   814   559 
  558   863   745   596   736   548   590 
  567   598   933   939   667   614   624 
  967   978   849   911   877   537   978 
  902   767   919   867   683   807   562 
  966   953   941   701   635   575   701 
  811   972   540   741   859   837   671 
  504   732   845   683   701   907   579 
  627   856   961   566   634   804   730 
