  761   711   673   501   848   747   606 
  814   590   910   528   889   758   832 
  622   991   865   861   545   614   655 
  605   507   926   557   608   858   571 
  853   897   875   516   860   612   703 
  961   946   606   800   828   814   772 
  947   611   876   566   840   754   819 
  688   612   560   973   586   932   821 
  958   835   522   662   889   925   908 
  888   560   516   531   948   523   747 
  654   623   851   599   694   710   679 
  626   804   522   934   947   910   664 
  915   709   680   898   514   656   653 
  552   753   542   789   811   607   816 
  895   621   636   668   590   727   543 
  624   885   940   876   516   908   961 
  751   971   574   856   725   689   849 
  820   748   522   875   537   586   861 
  772   745   659   921   921   631   786 
  886   911   587   664   608   985   830 
  904   806   699   850   631   576   594 
  602   940   903   700   804   907   759 
  775   953   736   812   650   597   759 
  593   912   863   934   505   755   572 
  885   566   823   936   527   956   901 
  585   509   713   995   753   875   519 
  835   518   879   784   717   562   942 
  831   868   775   769   750   977   570 
  750   791   770   664   603   951   827 
  953   511   880   978   902   544   825 
