  748   803   703   655   622   789   738 
  631   932   643   855   803   623   510 
  978   980   501   560   910   576   712 
  794   772   952   663   834   677   807 
  771   515   952   500   571   928   828 
  950   918   637   986   724   907   645 
  648   684   519   651   523   804   786 
  990   844   915   916   517   569   757 
  681   896   555   872   800   738   638 
  501   739   530   614   781   894   982 
  792   903   947   765   685   984   673 
  515   950   926   910   613   718   735 
  976   606   546   764   969   863   598 
  629   516   583   646   539   745   751 
  542   657   629   666   746   768   970 
  957   695   560   908   764   692   840 
  752   698   973   531   587   846   731 
  689   734   918   795   988   575   701 
  514   922   727   720   761   701   714 
  814   646   839   690   602   553   507 
  736   806   763   512   548   758   880 
  707   771   950   983   977   860   661 
  635   589   984   574   623   522   631 
  757   898   837   667   731   694   505 
  999   967   881   590   909   526   647 
  721   960   953   689   741   550   894 
  816   825   581   818   822   660   825 
  975   517   721   569   897   905   558 
  989   656   745   792   511   952   542 
  719   887   959   714   907   532   506 
