  774   605   978   800   935   531   922 
  743   640   688   513   579   576   627 
  809   846   579   649   593   726   947 
  677   573   994   921   683   864   555 
  696   814   839   540   601   944   596 
  868   563   633   790   708   584   552 
  869   678   791   505   989   527   684 
  620   777   986   994   922   685   987 
  753   841   615   545   558   749   874 
  524   630   649   854   903   811   678 
  853   742   522   657   989   893   861 
  558   657   737   695   583   696   948 
  634   512   765   602   683   979   934 
  516   841   536   631   993   841   976 
  928   917   707   943   572   910   864 
  510   894   539   969   533   830   869 
  906   662   560   888   657   971   522 
  854   736   757   929   642   528   579 
  618   842   996   924   818   712   831 
  681   720   938   705   530   823   865 
  569   969   729   871   917   552   751 
  979   530   693   505   650   638   642 
  755   790   792   598   585   647   550 
  894   592   663   532   632   785   876 
  587   659   743   627   569   966   565 
  716   682   541   862   637   509   616 
  749   622   658   667   891   600   799 
  622   678   578   542   977   750   712 
  977   530   908   548   608   595   711 
  667   907   636   940   614   641   880 
