  758   949   635   519   842   633   815 
  856   938   844   882   586   636   954 
  611   832   794   849   744   503   983 
  934   586   861   831   611   796   994 
  881   645   710   724   927   910   942 
  600   824   543   950   632   609   560 
  541   734   694   742   659   680   619 
  584   972   833   744   653   804   775 
  508   864   740   823   939   673   510 
  795   857   855   539   951   787   582 
  956   594   697   937   589   983   686 
  842   744   648   689   606   648   603 
  599   666   670   855   613   742   886 
  842   522   932   760   796   992   717 
  902   712   668   840   873   624   787 
  921   595   914   528   894   812   514 
  756   638   988   777   599   691   835 
  958   601   659   833   550   521   556 
  811   996   659   528   641   528   952 
  634   640   872   729   967   916   963 
  888   556   901   992   544   909   640 
  773   583   674   751   704   642   706 
  940   941   803   894   577   608   770 
  865   605   739   583  1000   685   725 
  586   630   862   950   902   990   535 
  527   902   911   928   954   562   767 
  850   554   642   755   648   859   815 
  550   708   972   859   850   649   629 
  621   627   736   718   880   667  1000 
  709   952   895   743   656   531   581 
