  594   630   789   823   623   929   983 
  834   623   571   933   576   636   935 
  633   913   976   655   566   565   888 
  655   966   828   703   721   530   816 
  666   792   765   528   710   826   836 
  703   624   628   940   841   808   743 
  812   759   921   722   886   688   800 
  967   639   739   545   551   522   925 
  539   963   727   786   928   644   843 
  615   831   792   892   977   874   920 
  953   999   952   928   922   594   645 
  918   722   898   715   549   656   936 
  806   801   882   970   903   849   606 
  741   706   816   922   839   955   684 
  876   545   719   784   880   731   958 
  713   537   885   948   759   632   553 
  887   818   634   987   675   919   928 
  644   826   818   503   616   868   577 
  882   986   820   553   505   571   732 
  909   708   566   993   613   659   698 
  772   732   895   775   580   571   692 
  787   961   694   868   867   584   705 
  508   732   936   611   709   953   775 
  828   959   532   677   885   658   957 
  666   551   853   808   736   590   801 
  518   897   803   897   778   595   762 
  767   905   704   955   905   718   672 
  921   532   662   851   645   910   900 
  917   557   982   503   729   844   512 
  544   912   597   982   869   616   551 
