  713   913   517   848   681   839   562 
  919   953   526   597   874   703   556 
  636   680   737   976   846   706   815 
  566   524   662   690   504   509   939 
  920   744   768   959   592   666   854 
  733   910   539   863   932   567   714 
  842   638   938   547   634   797   618 
  703   527   844   835   722   572   842 
  783   968   661   505   801   643   696 
  787   787   562   595   782   995   991 
  625   739   995   752   564   797   542 
  646   956   622   515   656   916   541 
  554   733   964   956   642   627   905 
  855   704   528   552   609   725   643 
  595   688   769   920   639   688   890 
  694   896   558   613   613   502   605 
  527   976   526   809   617   557   639 
  691   578   736   783   618   996   921 
  576   538   702   529   917   744   822 
  641   529   920   964   784   562   622 
  919   730   924   891   554   762   860 
  789   548   618   773   974   739   718 
  873   645   636   947   673   862   910 
  672   918   988   667   558   999   724 
  707   688   744   594   739   823   557 
  540   774   555   736   702   818   731 
  703   851   692   587   610   559   954 
  899   721   609   677   520   736   889 
  780   823   672   605   703   630   715 
  611   690   771   718   753   907   699 
  770   753   715   980   530   889   894 
  521   750   968   815   941   700   800 
  580   996   842   800   521   511   882 
  560   521   878   925   692   884   513 
  905   668   699   997   731   564   685 
  907   908   859   699   554   889   784 
  721   859   993   699   959   508   528 
  892   962   948   754   529   917   506 
  679   838   892   662   664   861   862 
  565   520   957   990   777   740   593 
  835   572   599   981   914   783   784 
  836   703   572   918   975   567   965 
  644   716   617   590   828   659   517 
  718   856   720   709   610   798   847 
  611   780   984   540   854   900   887 
  763   560   505   939   555   898   515 
  744   735   781   854   952   619   781 
  531   968   850   589   594   696   502 
  811   865   993   576   849   831   714 
  906   621   555   500   810   971   953 
