  748   803   703   655   622   789   738 
  631   932   643   855   803   623   510 
  978   980   501   560   910   576   712 
  794   772   952   663   834   677   807 
  771   515   952   500   571   928   828 
  950   918   637   986   724   907   645 
  648   684   519   651   523   804   786 
  990   844   915   916   517   569   757 
  681   896   555   872   800   738   638 
  501   739   530   614   781   894   982 
  792   903   947   765   685   984   673 
  515   950   926   910   613   718   735 
  976   606   546   764   969   863   598 
  629   516   583   646   539   745   751 
  542   657   629   666   746   768   970 
  957   695   560   908   764   692   840 
  752   698   973   531   587   846   731 
  689   734   918   795   988   575   701 
  514   922   727   720   761   701   714 
  814   646   839   690   602   553   507 
  736   806   763   512   548   758   880 
  707   771   950   983   977   860   661 
  635   589   984   574   623   522   631 
  757   898   837   667   731   694   505 
  999   967   881   590   909   526   647 
  721   960   953   689   741   550   894 
  816   825   581   818   822   660   825 
  975   517   721   569   897   905   558 
  989   656   745   792   511   952   542 
  719   887   959   714   907   532   506 
  761   595   906   653   596   725   677 
  807   946   622   715   762   607   545 
  561   798   715   930   955   872   640 
  624   676   727   715   581   931   925 
  975   657   598   536   881   848   997 
  725   848   611   875   531   674   708 
  846   907   886   939   519   531   664 
  551   637   956   554   706   773   941 
  864   976   658   740   552   929   508 
  814   579   771   660   579   622   683 
  931   695   675   565   694   930   555 
  550   705   530   706   540   677   697 
  924   868   521   849   904   679   711 
  643   928   620   790   710   703   656 
  869   925   614   940   775   629   694 
  883   881   949   993   582   576   728 
  883   634   877   614   625   505   893 
  732   923   570   691   813   652   587 
  756   632   641   999   829   655   837 
  763   769   875   511   863   756   616 
