  774   605   978   800   935   531   922 
  743   640   688   513   579   576   627 
  809   846   579   649   593   726   947 
  677   573   994   921   683   864   555 
  696   814   839   540   601   944   596 
  868   563   633   790   708   584   552 
  869   678   791   505   989   527   684 
  620   777   986   994   922   685   987 
  753   841   615   545   558   749   874 
  524   630   649   854   903   811   678 
  853   742   522   657   989   893   861 
  558   657   737   695   583   696   948 
  634   512   765   602   683   979   934 
  516   841   536   631   993   841   976 
  928   917   707   943   572   910   864 
  510   894   539   969   533   830   869 
  906   662   560   888   657   971   522 
  854   736   757   929   642   528   579 
  618   842   996   924   818   712   831 
  681   720   938   705   530   823   865 
  569   969   729   871   917   552   751 
  979   530   693   505   650   638   642 
  755   790   792   598   585   647   550 
  894   592   663   532   632   785   876 
  587   659   743   627   569   966   565 
  716   682   541   862   637   509   616 
  749   622   658   667   891   600   799 
  622   678   578   542   977   750   712 
  977   530   908   548   608   595   711 
  667   907   636   940   614   641   880 
  637   980   875   880   539   573   775 
  895   605   944   717   531   729   768 
  845   734   652   918   640   977   615 
  736   980   843   603   529   828   736 
  614   623   679   605   765   828   739 
  766   508   907   957   910   580   616 
  519   932   811   508   924   811   739 
  902   653   741   846   575   760   998 
  881   599   994   692   927   837   580 
  527   935   974   704   827   875   873 
  671   917   801   730   595   719   820 
  517   773   648   938   920   804   811 
  785   540   806   681   846   514   654 
  664   962   770   520   607   893   608 
  863   644   663   791   968   868   544 
  990   550   832   644   921   682   596 
  689   736   523   962   772   746   650 
  960   834   631   675   749   790   610 
  624   995   828   847   780   875   545 
  756   534   674   744   744   713   829 
