  761   711   673   501   848   747   606 
  814   590   910   528   889   758   832 
  622   991   865   861   545   614   655 
  605   507   926   557   608   858   571 
  853   897   875   516   860   612   703 
  961   946   606   800   828   814   772 
  947   611   876   566   840   754   819 
  688   612   560   973   586   932   821 
  958   835   522   662   889   925   908 
  888   560   516   531   948   523   747 
  654   623   851   599   694   710   679 
  626   804   522   934   947   910   664 
  915   709   680   898   514   656   653 
  552   753   542   789   811   607   816 
  895   621   636   668   590   727   543 
  624   885   940   876   516   908   961 
  751   971   574   856   725   689   849 
  820   748   522   875   537   586   861 
  772   745   659   921   921   631   786 
  886   911   587   664   608   985   830 
  904   806   699   850   631   576   594 
  602   940   903   700   804   907   759 
  775   953   736   812   650   597   759 
  593   912   863   934   505   755   572 
  885   566   823   936   527   956   901 
  585   509   713   995   753   875   519 
  835   518   879   784   717   562   942 
  831   868   775   769   750   977   570 
  750   791   770   664   603   951   827 
  953   511   880   978   902   544   825 
  800   598   537   689   912   713   685 
  724   894   803   972   969   901   722 
  511   913   702   780   756   869   517 
  595   532   954   868   904   604   515 
  571   983   567   516   835   655   585 
  555   870   961   718   732   932   511 
  607   512   653   679   824   707   804 
  871   563   610   595   909   625   985 
  703   818   627   520   834   601   750 
  619   967   758   885   676   838   890 
  554   796   871   924   690   683   772 
  723   944   541   517   816   917   811 
  786   728   914   535   792   896   570 
  624   786   581   922   800   880   982 
  955   955   745   746   937   712   689 
  866   741   997   951   571   812   546 
  625   922   811   956   686   708   819 
  892   537   984   517   721   883   606 
  850   691   695   667   759   910   847 
  662   588   866   884   754   766   978 
