  758   949   635   519   842   633   815 
  856   938   844   882   586   636   954 
  611   832   794   849   744   503   983 
  934   586   861   831   611   796   994 
  881   645   710   724   927   910   942 
  600   824   543   950   632   609   560 
  541   734   694   742   659   680   619 
  584   972   833   744   653   804   775 
  508   864   740   823   939   673   510 
  795   857   855   539   951   787   582 
  956   594   697   937   589   983   686 
  842   744   648   689   606   648   603 
  599   666   670   855   613   742   886 
  842   522   932   760   796   992   717 
  902   712   668   840   873   624   787 
  921   595   914   528   894   812   514 
  756   638   988   777   599   691   835 
  958   601   659   833   550   521   556 
  811   996   659   528   641   528   952 
  634   640   872   729   967   916   963 
  888   556   901   992   544   909   640 
  773   583   674   751   704   642   706 
  940   941   803   894   577   608   770 
  865   605   739   583  1000   685   725 
  586   630   862   950   902   990   535 
  527   902   911   928   954   562   767 
  850   554   642   755   648   859   815 
  550   708   972   859   850   649   629 
  621   627   736   718   880   667  1000 
  709   952   895   743   656   531   581 
  909   550   532   602   656   627   626 
  913   932   736   933   915   672   582 
  663   916   879   628   935   683   748 
  722   782   766   591   635   727   940 
  679   937   831   719   838   902   843 
  727   949   829   714   719   581   997 
  828   856   565   517   628   690   668 
  716   511   808   634   865   850   699 
  685   771   601   587   843   813   817 
  839   961   718   671   787   590   767 
  822   610   546   945   774   836   736 
  674   542   973   514   554   621   903 
  901   806   582   742   910   811   822 
  901   622   979   581   939   693   549 
  575   978   515   751   550   638   798 
  552   856   919   823   572   608   672 
  674   818   855   823   640   916   973 
  574   628   791   975   518   835   503 
  669   642   831   851   995   976   813 
  584   543   865   949   659   999   845 
