  700   807   717   692   753   855   593 
  917   823   688   674   882   723   955 
  737   737   926   902   862   850   640 
  572   878   597   712   512   791   518 
  747   711   707   510   828   997   924 
  531   982   948   781   710   750   563 
  983   664   793   573   585   959   853 
  890   765   788   705   505   543   589 
  958   608   852   577   800   611   626 
  659   529   972   566   709   614   845 
  831   531   922   546   903   543   566 
  788   769   938   609   849   608   921 
  529   999   716   602   663   627   601 
  856   697   809   979   772   683   892 
  656   813   754   901   816   557   803 
  579   603   629   779   531   985   640 
  791   872   815   765   536   767   520 
  735   955   844   679   648   774   552 
  811   847   836   935   795   554   925 
  807   874   529   913   966   844   771 
  839   920   519   846   910   635   701 
  797   735   841   535   909   549   796 
  529   937   533   515   971   800   711 
  787   929   548   577   663   789   915 
  901   546   844   660   666   735   942 
  667   828   963   883   998   982   809 
  919   820   700   657   693   587   531 
  959   873   887   835   743   508   784 
  924   607   675   735   651   830   841 
  667   826   671   904   828   676   874 
  775   983   541   621   682   582   929 
  580   518   828   643   969   922   819 
  874   767   561   865   625   582   521 
  928   582   732   726   896   763   914 
  821   977   761   965   742   600   927 
  981   578   744   926   812   552   984 
  784   728   861   620   637   838   627 
  829   504   645   942   664   764   816 
  919   688   668   798   818   834   831 
  558   857   846   952   915   658   948 
  804   858   627   799   766   656   860 
  695   906   676   901   881   655   574 
  886   704   732   722   713   872   866 
  693   614   947   632   933   669   943 
  837   548   766   519   779   738   592 
  805   526   679   815   883   666   879 
  518   560   984   732   758   825   999 
  824   896   512   705   938   560   888 
  948   738   910   638   588   640   864 
  642   584   807   861   622   663   952 
  611   970   924   594   708   511   606 
  895   618   946   782   627   806   642 
  776   799   863   644   573   773   868 
  507   503   634   923   967   957   632 
  593   662   663   899   666   822   653 
  808   830   938   920   617   920   513 
  782   579   511   695   852   980   989 
  660   999   512   705   668   931   886 
  768   747   742   601   967   917   537 
  964   775   894   998   827   503   883 
  573   877   552   761   989   501   553 
  665   582   889   992   951   561   661 
  773   710   950   702   534   535   614 
  818   691   914   819   740   707   935 
  828   862   766   603   626   553   813 
  710   996   620   563   914   688   768 
  801   822   730   871   704   706   814 
  532   639   840   693   632   975   827 
  992   511   960   900   827   648   583 
  991   524   993   666   519   791   664 
  565   839   602   927   994   826   592 
  500   945   815   666   563   688   619 
  701   597   936   540   978   694   766 
  568   621   709   834   800   623   874 
  585   743   814   695   656   773   973 
  506   911   553   946   720   854   628 
  694   869   574   507   583   726   573 
  648   694   642   808   947   639   850 
  948   949   570   715   682   643   512 
  960   999   890   540   867   578   907 
