  796   718   778   809   884   798   521 
  782   577   847   701   884   799   748 
  914   708   865   898   902   879   623 
  808   611   865   987   831   822   795 
  895   550   961   580   872   520   827 
  883   857   850   760   675   949   579 
  560   683   604   558   949   840   749 
  963   685   982   813   530   988   671 
  607   718   677   804   982   778   527 
  997   563   880   614   593   738   881 
  893   903   953   536   602   830   567 
  849   940   921   588   530   915   627 
  888   563   628   581   664   891   785 
  883   671   646   629   659   606   790 
  588   511   841   508   728   935   821 
  689   989   849   974   865   954   793 
  986   608   844   781   962   908   737 
  681   678   840   933   909   648   537 
  822   903   535   709   641   820   710 
  761   737   825   861   718   523   966 
  755   909   986   999   841   566   632 
  543   897   911   506   746   858   604 
  586   772   747   663   868   981   522 
  975   526   904   570   835   518   607 
  507   561   553   967   506   670   896 
  932   651   642   707   808   583   918 
  905   772   953   512   681   598   728 
  685   540   827   836   618   509   984 
  832   748   641   769   912   706   847 
  783   574   873   976   689   993   768 
  632   593   526   895   967   640   817 
  612   938   933   748   705   784   688 
  687   983   977   521   743   616   982 
  717   715   990   797   621   629   803 
  748   672   955   587   552   899   664 
  656   815   973   885   534   737   989 
  898   687   787   606   961   762   551 
  624   722   768   926   861   971   585 
  601   577   572   820   909   753   867 
  507   931   587   689   995   728   576 
  929   700   800   529   709   676   569 
  714   605   687   699   711   813   847 
  668   627   672   795   937   644   599 
  627   597   912   866   729   733   761 
  917   731   891   990   587   664   976 
  766   789   661   814   739   757   626 
  726   938   876   541   641   518   979 
  899   947   827   700   783   601   920 
  729   594   954   953   923   896   528 
  590   941   557   988   702   752   894 
  922   873   852   844   885   623   638 
  597   890   630   587   550   862   950 
  672   904   641   685   919   806   829 
  598   916   982   757   957   706   835 
  845   548   502   941   718   717   802 
  840   616   783   716   856   596   960 
  686   543   758   886   960   750   708 
  895   543   531   932   670  1000   657 
  585   725   610   711   827   584   943 
  915   505   893   725   763   538   933 
  803   667   530   876   666   518   955 
  754   617   509   726   913   669   500 
  801   809   502   998   865   927   815 
  854   867   533   931   641   678   756 
  846   940   699   911   532   940   750 
  770   946   708   904   912   591   847 
  541   572   599   889   692   659   858 
  676   786   653   744   720   810   842 
  944   959   850   736   560   823   523 
  826   830   969   926   792   639   853 
  722   949   932   828   802   703   841 
  732   880   602   746   821   615   808 
  981   655   853   974   711   607   535 
  830   659   928   702   993   574   679 
  845   726   633   733   716   712   530 
  531   686   902   757   723   710   507 
  866   820   542   643   516   911   895 
  742   809   539   971   920   713   686 
  818   888   973   706   851   742   765 
  547   996   984   786   706   671   779 
