  735   808   768   798   703   816   845 
  975   681   611   852   649   874   643 
  710   584   890   899   929   793   672 
  669   749   672   875   852   654   823 
  979   799   567   924   880   834   624 
  578   974   534   666   632   902   539 
  746   621   576   831   926   702   749 
  745   756   681   533   818   986   574 
  819   627   838   643   507   689   632 
  614   669   826   643   532   621   538 
  567   771   794   842   653   901   817 
  917   909   555   837   552   907   681 
  525   880   909   688   830   998   629 
  588   585   983   741   995   815   747 
  685   581   786   859   919   580   811 
  618   978   725   609   957   774   888 
 1000   604   548   873   858   956   788 
  756   843   765   786   984   705   967 
  580   992   880   736   619   972   940 
  937   630   905   597   504   636   616 
  855   875   899   957   616   532   892 
  511   526   767   979   867   740   547 
  559   943   952   985   621   766   592 
  831   642   733   795   940   933   901 
  613   930   739   732   882   817   712 
  842   614   543   918   808   894   735 
  650   984   504   642   919   634   527 
  856   788   706   675   887   503   665 
  965   631   575   776   604   962   711 
  912   640   889   535   809   934   677 
  875   712   983   573   849   641   634 
  568   746   769   641   754   917   746 
  587   524   926   881   762   890   511 
  573   668   565   511   725   853   942 
  726   517   886   648   865   518   595 
  580   979   624   831   635   543   904 
  561   525   600   928   810   996   682 
  763   832   841   623   586   736   800 
  990   986   545   675   548   661   784 
  673   635   710   898   586   674   766 
  815   540   631   532   633   781   908 
  521   750   779   784   580   781   887 
  783   978   682   704   529   993   959 
  749   551   706   867   839   913   642 
  599   894   822   545   659   989   710 
  990   895   761   583   849   830   889 
  507   820   650   738   920   941   765 
  962   930   656   839   685   633   791 
  560   587   866   535   958   722   745 
  749   779   759   735   784   833   843 
  604   847   737   650   513   981   856 
  629   614   691   534  1000   660   993 
  976   502   789   639   818   605   867 
  965   783   626   787   624   682   769 
  851   751   612   941   955   566   924 
  723   942   670   783   978   518   689 
  555   794   942   500   898   518   781 
  827   812   535   856   569   608   840 
  927   995   598   509   791   770   513 
  533   873   872   999   517   983   653 
  866   744   565   699   945   788   789 
  663   936   783   754   597   940   505 
  891   589   986   662   739   884   584 
  539   946   832   849   669   814   678 
  719   757   726   788   517   987   966 
  734   572   782   519   750   985   633 
  872   629   575   970   985   649   545 
  728   598   757   797   895   893   696 
  869   988   692   539   516   619   527 
 1000   923   593   836   705   886   790 
  862   518   680   979   755   779   635 
  603   592   587   983   830   990   873 
  652   936   547   723   805   567   512 
  834   624   775   634   979   655   864 
  961   526   776   888   939   815   571 
  552   989   673   870   897   990   997 
  739   958   848   589   625   576   727 
  961   932   611   813   999   870   550 
  744   637   840   741   892   792   778 
  938   895   606   746   835   917   619 
