  594   630   789   823   623   929   983 
  834   623   571   933   576   636   935 
  633   913   976   655   566   565   888 
  655   966   828   703   721   530   816 
  666   792   765   528   710   826   836 
  703   624   628   940   841   808   743 
  812   759   921   722   886   688   800 
  967   639   739   545   551   522   925 
  539   963   727   786   928   644   843 
  615   831   792   892   977   874   920 
  953   999   952   928   922   594   645 
  918   722   898   715   549   656   936 
  806   801   882   970   903   849   606 
  741   706   816   922   839   955   684 
  876   545   719   784   880   731   958 
  713   537   885   948   759   632   553 
  887   818   634   987   675   919   928 
  644   826   818   503   616   868   577 
  882   986   820   553   505   571   732 
  909   708   566   993   613   659   698 
  772   732   895   775   580   571   692 
  787   961   694   868   867   584   705 
  508   732   936   611   709   953   775 
  828   959   532   677   885   658   957 
  666   551   853   808   736   590   801 
  518   897   803   897   778   595   762 
  767   905   704   955   905   718   672 
  921   532   662   851   645   910   900 
  917   557   982   503   729   844   512 
  544   912   597   982   869   616   551 
  921   960   954   693   717   620   720 
  887   693   513   536   740   536   676 
  616   590   824   789   755   602   792 
  820   933   988   500   654   788   897 
  846   635   998   996   892   647   550 
  597   843   505   978   767   653   545 
  607   877   787   838   818   749   892 
  850   929   512   907   769   763   704 
  655   860   746   890   847   638   873 
  832   630   603   787   533   586   937 
  618   805   925   509   919   659   991 
  619   728   870   678   757   976   671 
  798   824   829   703   582   936   601 
  646   692   731   920   667   591   790 
  687   851   889   695   856   702   832 
  612   894   605   964   951   975   628 
  652   804   707   894   659   646   981 
  672   530   664   516   531   965   937 
  972   808   876   724   582   608   587 
  544   984   797   538   635   840   587 
  699   543   750   871   658   952   976 
  835   683   819   838   682   996   853 
  945   554   894   975   670   817   521 
  955   583   827   744   532   799   898 
  610   947   965   895   768   630   822 
  923   682   983   746   725   869   809 
  999   507   779   922   537   985   917 
  961   971   721   518   888   955   846 
  732   931   824   782   822   934   514 
  618   697   649   535   615   872   971 
  776   752   826   595   958   577   960 
  900   996   796   713   597   911   578 
  562   806   783   872   984   853   806 
  612   622   994   502   518   713   994 
  520   893   942   791   705   627   864 
  852   754   992   610   749   531   892 
  814   855   676   754   635   684   809 
  763   784   616   984   800   680   806 
  826   648   897   677   759   857   563 
  534   895   717   839   947   835   914 
  706   864   968   539   669   884   549 
  548   999   882   911   599   560   752 
  846   695   527   602   519   733   977 
  545   945   539   663   938   935   874 
  552   582   817   877   658   786   708 
  785   639   840   541   985   951  1000 
  669   692   644   920   549   968   907 
  621   896   552   619   572   834   776 
  804   866   978   913   761   772   616 
  564   505  1000   985   589   598   708 
