  758   949   635   519   842   633   815 
  856   938   844   882   586   636   954 
  611   832   794   849   744   503   983 
  934   586   861   831   611   796   994 
  881   645   710   724   927   910   942 
  600   824   543   950   632   609   560 
  541   734   694   742   659   680   619 
  584   972   833   744   653   804   775 
  508   864   740   823   939   673   510 
  795   857   855   539   951   787   582 
  956   594   697   937   589   983   686 
  842   744   648   689   606   648   603 
  599   666   670   855   613   742   886 
  842   522   932   760   796   992   717 
  902   712   668   840   873   624   787 
  921   595   914   528   894   812   514 
  756   638   988   777   599   691   835 
  958   601   659   833   550   521   556 
  811   996   659   528   641   528   952 
  634   640   872   729   967   916   963 
  888   556   901   992   544   909   640 
  773   583   674   751   704   642   706 
  940   941   803   894   577   608   770 
  865   605   739   583  1000   685   725 
  586   630   862   950   902   990   535 
  527   902   911   928   954   562   767 
  850   554   642   755   648   859   815 
  550   708   972   859   850   649   629 
  621   627   736   718   880   667  1000 
  709   952   895   743   656   531   581 
  909   550   532   602   656   627   626 
  913   932   736   933   915   672   582 
  663   916   879   628   935   683   748 
  722   782   766   591   635   727   940 
  679   937   831   719   838   902   843 
  727   949   829   714   719   581   997 
  828   856   565   517   628   690   668 
  716   511   808   634   865   850   699 
  685   771   601   587   843   813   817 
  839   961   718   671   787   590   767 
  822   610   546   945   774   836   736 
  674   542   973   514   554   621   903 
  901   806   582   742   910   811   822 
  901   622   979   581   939   693   549 
  575   978   515   751   550   638   798 
  552   856   919   823   572   608   672 
  674   818   855   823   640   916   973 
  574   628   791   975   518   835   503 
  669   642   831   851   995   976   813 
  584   543   865   949   659   999   845 
  725   550   990   861   873   776   543 
  713   904   777   756   531   921   762 
  991   725   724   541   609   930   630 
  627   992   780   507   786   730   946 
  915   781   546   863   752   616   856 
  598   746   679   992   638   747   795 
  599   940   591   526   976   541   572 
  811   881   791   512   920   914   737 
  847   604   634   951   934   779   953 
  612   667   927   750   778   590   527 
  624   741   750   678   928   510   928 
  892   582   723   788   999   701   845 
  987   807   794   916   833   802   524 
  866   888   899   510   856   986   743 
  521   740   894   862   964   626   818 
  607   939   877   761   696   591   795 
  534   888   868   773   889   656   708 
  812   759   621   560   993   942   898 
  910   725   762   673   651   859   505 
  676   925   865   941   636   512   621 
  997   836   710   559   953   611   789 
  910   988   642   723   542   643   914 
  695   990   714   973   784   585   993 
  646   722   926   712   687   725   583 
  875   725   743   918   829   794   561 
  951   833   593   721   609   712   807 
  796   841   681   782   902   668   661 
  724   757   852   774   824   628   718 
  782   666   914   557   702   990   868 
  690   654   563   996   707   831   849 
