  761   711   673 
  501   848   747 
  606   814   590 
  910   528   889 
  861   545   614 
  926   557   608 
  858   571   853 
  897   875   516 
  860   612   703 
  612   560   973 
  958   835   522 
  523   747   654 
  694   710   679 
  680   898   514 
  811   607   816 
  543   624   885 
  725   689   849 
  836   666   772 
  736   812   650 
  936   527   956 
  717   562   942 
  902   544   825 
  756   869   517 
  813   805   571 
  983   567   516 
  871   563   610 
  595   909   625 
  786   581   922 
  537   984   517 
  850   691   695 
  521   813   662 
  505   832   828 
  658   726   702 
  646   857   548 
  930   540   785 
  839   718   523 
  910   539   865 
  511   815   920 
  836   706   565 
  524   969   591 
  833   702   790 
  923   670   595 
  696   786   652 
  690   631   856 
  567   657   853 
  945   518   723 
  794   769   622 
  774   779   578 
  980   512   718 
  957   539   715 
  568   848   635 
  942   591   540 
  604   711   750 
  515   741   743 
  625   875   556 
  811   816   567 
  513   604   926 
  558   691   843 
  852   642   748 
  833   710   655 
  639   968   505 
  566   941   646 
  837   688   747 
  901   909   507 
  557   649   854 
  962   539   592 
  782   572   926 
  798   686   818 
  814   763   551 
  802   629   794 
  818   629   792 
  796   644   845 
  578   592   947 
  723   606   888 
  528   709   894 
  740   843   575 
  962   520   698 
  517   995   597 
  620   608   897 
  740   721   653 
  651   584   932 
  727   591   859 
  604   627   880 
  984   606   508 
  821   704   763 
  603   846   579 
  770   701   834 
  585   647   858 
  519   764   730 
  999   517   563 
  944   505   948 
  626   872   544 
  812   855   549 
  535   706   770 
  850   599   824 
  621   902   512 
  520   904   705 
  754   658   836 
  534   552   997 
  536   958   608 
