  735   808   768 
  798   703   816 
  845   975   681 
  874   643   710 
  584   890   899 
  929   793   672 
  875   852   654 
  567   924   880 
  974   534   666 
  831   926   702 
  749   745   756 
  681   533   818 
  614   669   826 
  525   880   909 
  994   716   604 
  585   983   741 
  859   919   580 
  604   548   873 
  786   984   705 
  892   632   791 
  526   767   979 
  593   559   943 
  642   733   795 
  613   930   739 
  984   504   642 
  856   788   706 
  916   851   568 
  754   917   746 
  600   928   810 
  505   990   986 
  908   521   750 
  603   849   775 
  704   529   993 
  959   749   551 
  659   989   710 
  889   507   820 
  745   749   779 
  759   735   784 
  513   981   856 
  534  1000   660 
  595   583   861 
  627   780   812 
  942   500   898 
  872   999   517 
  788   517   987 
  750   985   633 
  592   587   983 
  939   815   571 
  576   727   961 
  999   870   550 
  895   606   746 
  937   723   687 
  622   641   833 
  833   989   598 
  624   998   540 
  799   983   694 
  967   684   648 
  862   874   524 
  588   617   988 
  636   609   828 
  692   997   683 
  872   715   729 
  734   918   729 
  834   809   741 
  865   774   720 
  824   500   969 
  696   974   717 
  831   987   630 
  740   997   538 
  826   546   815 
  884   639   715 
  570   973   876 
  725   749   784 
  893   518   769 
  581   679   901 
  543   875   947 
  518   603   992 
  596   966   721 
  944   696   645 
  861   607   805 
  996   524   555 
  601   551   924 
  533   822   962 
  816   722   801 
  915   757   683 
  944   733   627 
  911   758   687 
  705   860   762 
  698   995   700 
  522   938   954 
  546   770   962 
  795   861   743 
  672   596   821 
  922   604   695 
  846   715   737 
  705   945   723 
  846   976   535 
  699   704   816 
  819   890   726 
  883   531   853 
