  748   803   703 
  655   622   789 
  643   855   803 
  623   510   978 
  980   501   560 
  910   576   712 
  663   834   677 
  807   771   515 
  952   500   571 
  724   907   645 
  651   523   804 
  800   738   638 
  614   781   894 
  984   673   515 
  636   976   606 
  546   764   969 
  863   598   629 
  666   746   768 
  560   908   764 
  698   973   531 
  701   514   922 
  727   720   761 
  646   839   690 
  631   757   898 
  837   667   731 
  694   505   999 
  581   818   822 
  645   689   919 
  569   897   905 
  558   989   656 
  837   761   595 
  906   653   596 
  725   848   611 
  637   956   554 
  929   508   793 
  811   645   741 
  814   579   771 
  930   555   550 
  877   614   625 
  923   570   691 
  875   511   863 
  588   803   946 
  621   995   651 
  609   739   946 
  621   958   717 
  571   972   702 
  878   678   520 
  516   904   867 
  577   658   971 
  779   789   701 
  844   917   505 
  794   805   624 
  725   556   795 
  700   516   865 
  636   887   810 
  533   698   995 
  806   671   715 
  793   959   530 
  541   948   829 
  673   636   769 
  605   696   956 
  899   566   738 
  973   805   503 
  667   724   784 
  742   968   510 
  874   703   514 
  785   705   678 
  650   807   819 
  766   841   536 
  623   902   797 
  638   691   916 
  682   507   952 
  835   719   609 
  696   863   646 
  851   732   587 
  595   524   998 
  570   882   893 
  946   535   656 
  689   783   755 
  829   735   618 
  899   675   534 
  860   721   510 
  688   828   682 
  722   938   629 
  751   658   761 
  790   641   767 
  905   560   782 
  592   785   956 
  903   525   800 
  874   761   506 
  596   624   964 
  740   825   665 
  961   527   541 
  525   815   954 
  812   503   930 
  521   964   836 
  725   921   605 
  590   744   968 
  619   899   813 
  633   668   941 
