  735   808   768 
  798   703   816 
  845   975   681 
  874   643   710 
  584   890   899 
  929   793   672 
  875   852   654 
  567   924   880 
  974   534   666 
  831   926   702 
  749   745   756 
  681   533   818 
  614   669   826 
  525   880   909 
  994   716   604 
  585   983   741 
  859   919   580 
  604   548   873 
  786   984   705 
  892   632   791 
  526   767   979 
  593   559   943 
  642   733   795 
  613   930   739 
  984   504   642 
  856   788   706 
  916   851   568 
  754   917   746 
  600   928   810 
  505   990   986 
