  758   949   635 
  815   856   938 
  844   882   586 
  636   954   611 
  832   794   849 
  744   503   983 
  934   586   861 
  994   881   645 
  910   942   525 
  584   972   833 
  740   823   939 
  855   539   951 
  787   582   956 
  589   983   686 
  717   902   712 
  835   958   601 
  996   659   528 
  963   888   556 
  901   992   544 
  909   640   773 
  739   583  1000 
  630   862   950 
  902   990   535 
  527   902   911 
  718   880   667 
  895   743   656 
  872   843   663 
  935   683   748 
  865   850   699 
  621   903   901 
