  796   718   778 
  521   782   577 
  847   701   884 
  795   895   550 
  961   580   872 
  520   827   883 
  982   813   530 
  988   671   607 
  997   563   880 
  581   664   891 
  908   737   681 
  822   903   535 
  710   761   737 
  981   522   975 
  526   904   570 
  642   707   808 
  772   953   512 
  895   698   849 
  982   717   715 
  787   606   961 
  995   728   576 
  929   700   800 
  729   733   761 
  990   587   664 
  938   876   541 
  641   518   979 
  920   729   594 
  806   755   683 
  829   598   916 
  718   717   802 
