  774   605   978 
  800   935   531 
  922   743   640 
  576   627   809 
  846   579   649 
  677   573   994 
  555   696   814 
  916   888   631 
  552   869   678 
  791   505   989 
  558   657   737 
  948   634   512 
  943   572   910 
  539   969   533 
  657   971   522 
  929   642   528 
  579   618   842 
  712   831   681 
  530   823   865 
  871   917   552 
  519   606   979 
  749   622   658 
  667   891   600 
  745   619   840 
  977   530   908 
  636   940   614 
  641   880   637 
  529   828   736 
  932   811   508 
  846   575   760 
