  713   913   517 
  848   681   839 
  562   919   953 
  680   737   976 
  846   706   815 
  666   854   733 
  910   539   863 
  932   567   714 
  842   638   938 
  844   835   722 
  572   842   783 
  968   661   505 
  595   782   995 
  956   622   515 
  656   916   541 
  905   855   704 
  688   769   920 
  694   896   558 
  783   618   996 
  921   576   538 
  529   920   964 
  891   554   762 
  618   773   974 
  739   718   873 
  881   672   918 
  559   954   899 
  771   718   753 
  753   715   980 
  800   580   996 
  668   699   997 
