  748   803   703 
  655   622   789 
  643   855   803 
  623   510   978 
  980   501   560 
  910   576   712 
  663   834   677 
  807   771   515 
  952   500   571 
  724   907   645 
  651   523   804 
  800   738   638 
  614   781   894 
  984   673   515 
  636   976   606 
  546   764   969 
  863   598   629 
  666   746   768 
  560   908   764 
  698   973   531 
  701   514   922 
  727   720   761 
  646   839   690 
  631   757   898 
  837   667   731 
  694   505   999 
  581   818   822 
  645   689   919 
  569   897   905 
  558   989   656 
