  761   711   673 
  501   848   747 
  606   814   590 
  910   528   889 
  861   545   614 
  926   557   608 
  858   571   853 
  897   875   516 
  860   612   703 
  612   560   973 
  958   835   522 
  523   747   654 
  694   710   679 
  680   898   514 
  811   607   816 
  543   624   885 
  725   689   849 
  836   666   772 
  736   812   650 
  936   527   956 
  717   562   942 
  902   544   825 
  756   869   517 
  813   805   571 
  983   567   516 
  871   563   610 
  595   909   625 
  786   581   922 
  537   984   517 
  850   691   695 
