  594   630   789 
  823   623   929 
  983   834   623 
  571   933   576 
  826   836   703 
  624   628   940 
  841   808   743 
  722   886   688 
  963   727   786 
  549   656   936 
  784   880   731 
  537   885   948 
  887   818   634 
  868   577   882 
  986   820   553 
  993   613   659 
  868   867   584 
  705   922   717 
  951   575   911 
  520   828   959 
  551   853   808 
  518   897   803 
  847   917   557 
  982   503   729 
  562   812   921 
  824   789   755 
  933   988   500 
  843   505   978 
  607   877   787 
  838   818   749 
  512   907   769 
  655   860   746 
  873   832   630 
  805   925   509 
  731   920   667 
  516   531   965 
  819   838   682 
  521   955   583 
  799   898   610 
  518   888   955 
  994   502   518 
  713   994   520 
  705   627   864 
  814   855   676 
  809   763   784 
  968   539   669 
  539   663   938 
  935   874   552 
  582   817   877 
  850   593   827 
