  735   808   768 
  798   703   816 
  845   975   681 
  874   643   710 
  584   890   899 
  929   793   672 
  875   852   654 
  567   924   880 
  974   534   666 
  831   926   702 
  749   745   756 
  681   533   818 
  614   669   826 
  525   880   909 
  994   716   604 
  585   983   741 
  859   919   580 
  604   548   873 
  786   984   705 
  892   632   791 
  526   767   979 
  593   559   943 
  642   733   795 
  613   930   739 
  984   504   642 
  856   788   706 
  916   851   568 
  754   917   746 
  600   928   810 
  505   990   986 
  908   521   750 
  603   849   775 
  704   529   993 
  959   749   551 
  659   989   710 
  889   507   820 
  745   749   779 
  759   735   784 
  513   981   856 
  534  1000   660 
  595   583   861 
  627   780   812 
  942   500   898 
  872   999   517 
  788   517   987 
  750   985   633 
  592   587   983 
  939   815   571 
  576   727   961 
  999   870   550 
