  761   711   673 
  501   848   747 
  606   814   590 
  910   528   889 
  861   545   614 
  926   557   608 
  858   571   853 
  897   875   516 
  860   612   703 
  612   560   973 
  958   835   522 
  523   747   654 
  694   710   679 
  680   898   514 
  811   607   816 
  543   624   885 
  725   689   849 
  836   666   772 
  736   812   650 
  936   527   956 
  717   562   942 
  902   544   825 
  756   869   517 
  813   805   571 
  983   567   516 
  871   563   610 
  595   909   625 
  786   581   922 
  537   984   517 
  850   691   695 
  521   813   662 
  505   832   828 
  658   726   702 
  646   857   548 
  930   540   785 
  839   718   523 
  910   539   865 
  511   815   920 
  836   706   565 
  524   969   591 
  833   702   790 
  923   670   595 
  696   786   652 
  690   631   856 
  567   657   853 
  945   518   723 
  794   769   622 
  774   779   578 
  980   512   718 
  957   539   715 
