  700   807   717 
  692   753   855 
  593   917   823 
  688   674   882 
  862   850   640 
  712   512   791 
  654   531   982 
  948   781   710 
  585   959   853 
  890   765   788 
  589   958   608 
  529   972   566 
  709   614   845 
  608   921   529 
  999   716   602 
  802   856   697 
  683   892   666 
  682   856   956 
  901   816   557 
  839   920   519 
  846   910   635 
  701   797   735 
  515   971   800 
  982   809   671 
  531   959   873 
  993   746   739 
  671   904   828 
  676   874   775 
  942   664   764 
  872   866   589 
  815   883   666 
  979   904   517 
  899   936   506 
  716   503   808 
  518   560   984 
  560   888   948 
  738   910   638 
  660   999   512 
  705   668   931 
  886   768   747 
  684   881   673 
  809   875   686 
  688   768   801 
  704   706   814 
  693   632   975 
  827   992   511 
  524   993   666 
  597   936   540 
  999   890   540 
  911   689   787 
