  748   803   703 
  655   622   789 
  643   855   803 
  623   510   978 
  980   501   560 
  910   576   712 
  663   834   677 
  807   771   515 
  952   500   571 
  724   907   645 
  651   523   804 
  800   738   638 
  614   781   894 
  984   673   515 
  636   976   606 
  546   764   969 
  863   598   629 
  666   746   768 
  560   908   764 
  698   973   531 
  701   514   922 
  727   720   761 
  646   839   690 
  631   757   898 
  837   667   731 
  694   505   999 
  581   818   822 
  645   689   919 
  569   897   905 
  558   989   656 
  837   761   595 
  906   653   596 
  725   848   611 
  637   956   554 
  929   508   793 
  811   645   741 
  814   579   771 
  930   555   550 
  877   614   625 
  923   570   691 
  875   511   863 
  588   803   946 
  621   995   651 
  609   739   946 
  621   958   717 
  571   972   702 
  878   678   520 
  516   904   867 
  577   658   971 
  779   789   701 
