  764   996   987 
  840   975   515 
  928   800   606 
  862   851   626 
  828   909   782 
  847   668   819 
  661  1000   840 
  946   657   980 
  850   870   525 
  769   899   985 
  979   625   595 
  812   954   577 
  990   580   973 
  849   865   814 
  897   728   794 
  804   730   916 
  923   786   624 
  866   662   934 
  940   782   604 
  928   687   657 
  935   666   840 
  779   874   793 
  821   828   876 
  783   861   892 
  889   645   995 
  842   751   889 
  826   944   754 
  890   826   547 
  793   945   773 
  825   693   960 
  898   658   863 
  979   615   776 
  813   948   736 
  926   688   770 
  779   974   603 
  956   619   858 
  716   669   992 
  770   772   955 
  955   709   588 
  949   619   899 
  959   736   568 
  957   638   855 
  690   805   998 
  871   759   629 
  992   593   844 
  795   878   787 
  965   627   515 
  699   906   989 
  952   644   877 
  804   719   944 
