  796   718   778 
  521   782   577 
  847   701   884 
  795   895   550 
  961   580   872 
  520   827   883 
  982   813   530 
  988   671   607 
  997   563   880 
  581   664   891 
  908   737   681 
  822   903   535 
  710   761   737 
  981   522   975 
  526   904   570 
  642   707   808 
  772   953   512 
  895   698   849 
  982   717   715 
  787   606   961 
  995   728   576 
  929   700   800 
  729   733   761 
  990   587   664 
  938   876   541 
  641   518   979 
  920   729   594 
  806   755   683 
  829   598   916 
  718   717   802 
  907   623   809 
  856   596   960 
  710   628   921 
  505   893   725 
  502   998   865 
  681   849   552 
  614   746   871 
  867   533   931 
  911   532   940 
  583   619   944 
  802   703   841 
  537   732   880 
  993   574   679 
  866   820   542 
  546   619   954 
  520   864   618 
  963   602   835 
  501   872   868 
  534   951   540 
  527   766   963 
