  758   949   635 
  815   856   938 
  844   882   586 
  636   954   611 
  832   794   849 
  744   503   983 
  934   586   861 
  994   881   645 
  910   942   525 
  584   972   833 
  740   823   939 
  855   539   951 
  787   582   956 
  589   983   686 
  717   902   712 
  835   958   601 
  996   659   528 
  963   888   556 
  901   992   544 
  909   640   773 
  739   583  1000 
  630   862   950 
  902   990   535 
  527   902   911 
  718   880   667 
  895   743   656 
  872   843   663 
  935   683   748 
  865   850   699 
  621   903   901 
  674   878   860 
  628   791   975 
  550   990   861 
  713   904   777 
  786   730   946 
  512   920   914 
  779   953   612 
  667   927   750 
  599   870   908 
  510   928   892 
  964   626   818 
  607   939   877 
  868   773   889 
  910   725   762 
  991   646   722 
  926   712   687 
  557   702   990 
  563   996   707 
  949   698   720 
  818   948   615 
