  713   913   517 
  848   681   839 
  562   919   953 
  680   737   976 
  846   706   815 
  666   854   733 
  910   539   863 
  932   567   714 
  842   638   938 
  844   835   722 
  572   842   783 
  968   661   505 
  595   782   995 
  956   622   515 
  656   916   541 
  905   855   704 
  688   769   920 
  694   896   558 
  783   618   996 
  921   576   538 
  529   920   964 
  891   554   762 
  618   773   974 
  739   718   873 
  881   672   918 
  559   954   899 
  771   718   753 
  753   715   980 
  800   580   996 
  668   699   997 
  679   838   892 
  630   837   918 
  718   856   720 
  984   540   854 
  744   735   781 
  866   873   674 
  930   569   533 
  966   555   703 
  764   880   647 
  501   982   744 
  603   867   685 
  564   930   630 
  696   807   851 
  689   913   558 
  548   934   932 
  668   978   538 
  962   609   512 
  829   910   501 
  569   958   602 
  985   564   514 
  562   906   962 
  700   965   515 
  711   804   759 
  881   706   745 
  669   749   931 
  908   771   722 
  723   788   776 
  632   899   585 
  611   982   590 
  832   522   974 
  876   567   968 
  789   686   950 
  816   610   974 
  781   639   981 
  797   892   623 
  916   590   567 
  996   540   509 
  898   892   588 
  606   925   651 
  882   599   809 
  924   517   998 
  757   684   973 
  809   826   748 
  955   847   516 
  563   997   507 
  820   854   705 
  630   832   949 
  684   983   530 
  715   799   789 
  817   908   503 
