  758   949   635 
  815   856   938 
  844   882   586 
  636   954   611 
  832   794   849 
  744   503   983 
  934   586   861 
  994   881   645 
  910   942   525 
  584   972   833 
  740   823   939 
  855   539   951 
  787   582   956 
  589   983   686 
  717   902   712 
  835   958   601 
  996   659   528 
  963   888   556 
  901   992   544 
  909   640   773 
  739   583  1000 
  630   862   950 
  902   990   535 
  527   902   911 
  718   880   667 
  895   743   656 
  872   843   663 
  935   683   748 
  865   850   699 
  621   903   901 
  674   878   860 
  628   791   975 
  550   990   861 
  713   904   777 
  786   730   946 
  512   920   914 
  779   953   612 
  667   927   750 
  599   870   908 
  510   928   892 
  964   626   818 
  607   939   877 
  868   773   889 
  910   725   762 
  991   646   722 
  926   712   687 
  557   702   990 
  563   996   707 
  949   698   720 
  818   948   615 
  632   599   948 
  887   752   904 
  870   811   678 
  596   896   925 
  990   687   745 
  991   597   838 
  924   631   824 
  540   884   941 
  627   841   981 
  900   515   927 
  568   979   854 
  830   907   629 
  831   745   942 
  846   769   905 
  949   774   649 
  730   868   861 
  952   569   922 
  892   625   848 
  710   924   721 
  651   915   810 
  983   698   689 
  867   525   979 
  842   532   963 
  509  1000   884 
  534   649   996 
  881   979   556 
  860   875   765 
  625   985   578 
  763   997   536 
  990   620   775 
