  796   718   778 
  521   782   577 
  847   701   884 
  795   895   550 
  961   580   872 
  520   827   883 
  982   813   530 
  988   671   607 
  997   563   880 
  581   664   891 
  908   737   681 
  822   903   535 
  710   761   737 
  981   522   975 
  526   904   570 
  642   707   808 
  772   953   512 
  895   698   849 
  982   717   715 
  787   606   961 
  995   728   576 
  929   700   800 
  729   733   761 
  990   587   664 
  938   876   541 
  641   518   979 
  920   729   594 
  806   755   683 
  829   598   916 
  718   717   802 
  907   623   809 
  856   596   960 
  710   628   921 
  505   893   725 
  502   998   865 
  681   849   552 
  614   746   871 
  867   533   931 
  911   532   940 
  583   619   944 
  802   703   841 
  537   732   880 
  993   574   679 
  866   820   542 
  546   619   954 
  520   864   618 
  963   602   835 
  501   872   868 
  534   951   540 
  527   766   963 
  676   781   645 
  662   915   553 
  801   808   553 
  658   776   765 
  771   974   537 
  918   724   703 
  629   855   559 
  751   779   571 
  621   570   970 
  683   923   542 
  780   619   890 
  776   626   940 
  809   721   724 
  515   695   965 
  676   946   544 
  947   675   800 
  974   651   780 
  516   832   675 
  976   643   727 
  592   758   805 
  765   767   718 
  821   613   926 
  997   710   516 
  983   784   563 
  830   805   569 
  602   557   980 
  917   668   803 
  965   728   681 
  894   652   885 
  505   851   817 
