  774   605   978 
  800   935   531 
  922   743   640 
  576   627   809 
  846   579   649 
  677   573   994 
  555   696   814 
  916   888   631 
  552   869   678 
  791   505   989 
  558   657   737 
  948   634   512 
  943   572   910 
  539   969   533 
  657   971   522 
  929   642   528 
  579   618   842 
  712   831   681 
  530   823   865 
  871   917   552 
  519   606   979 
  749   622   658 
  667   891   600 
  745   619   840 
  977   530   908 
  636   940   614 
  641   880   637 
  529   828   736 
  932   811   508 
  846   575   760 
  520   607   893 
  608   863   644 
  990   550   832 
  596   689   736 
  523   962   772 
  712   569   992 
  509   975   879 
  894   534   948 
  699   903   572 
  505   884   987 
  999   633   584 
  554   775   796 
  707   963   504 
  527   999   669 
  997   629   634 
  996   541   784 
  698   597   987 
  508   890   980 
  680   834   674 
  635   721   724 
  884   820   640 
  973   571   831 
  513   826   840 
  748   726   670 
  940   576   691 
  695   715   709 
  516   858   833 
  579   653   751 
  784   940   552 
  964   503   948 
  806   562   980 
  730   614   844 
  659   812   708 
  723   654   683 
  571   930   639 
  553   814   860 
  872   563   931 
  773   621   679 
  780   522   988 
  905   644   646 
  928   674   643 
  812   615   738 
  526   631   868 
  630   792   722 
  790   961   539 
  930   882   503 
  513   929   803 
  640   862   706 
  651   665   721 
  624   990   501 
