  774   605   978   800   935 
  531   922   743   640   688 
  846   579   649   593   726 
  947   677   573   994   921 
  683   864   555   696   814 
  839   540   601   944   596 
  879   916   888   631   685 
  790   708   584   552   869 
  678   791   505   989   527 
  684   620   777   986   994 
  524   630   649   854   903 
  811   678   853   742   522 
  657   989   893   861   558 
  657   737   695   583   696 
  948   634   512   765   602 
  683   979   934   516   841 
  536   631   993   841   976 
  928   917   707   943   572 
  969   533   830   869   906 
  662   560   888   657   971 
  522   854   736   757   929 
  681   720   938   705   530 
  823   865   569   969   729 
  871   917   552   751   888 
  746   979   530   693   505 
  650   638   642   755   790 
  820   622   519   606   979 
  532   632   785   876   587 
  659   743   627   569   966 
  787   684   917   716   682 
  749   622   658   667   891 
  600   799   744   814   745 
  712   977   530   908   548 
  636   940   614   641   880 
  637   980   875   880   539 
  573   775   895   605   944 
  734   652   918   640   977 
  615   736   980   843   603 
  766   508   907   957   910 
  508   924   811   739   902 
  653   741   846   575   760 
  927   837   580   527   935 
  671   917   801   730   595 
  654   664   962   770   520 
  607   893   608   863   644 
  662   698   990   550   832 
  644   921   682   596   689 
  650   960   834   631   675 
  749   790   610   624   995 
  828   847   780   875   545 
  907   586   991   684   712 
  838   909   781   653   620 
  671   813   759   769   679 
  975   879   633   637   647 
  794   856   999   509   788 
  862   929   894   534   948 
  903   572   912   865   764 
  778   505   884   987   700 
  703   616   950   905   793 
  853   576   894   903   666 
  745   515   971   864   714 
  909   618   613   634   709 
  993   604   535   684   654 
  790   874   999   633   584 
  961   554   775   796   614 
  519   552   883   797   985 
  718   653   835   654   948 
  707   963   504   897   841 
  501   901   899   962   985 
  943   612   924   693   613 
  627   527   999   669   841 
  741   660   594   804   874 
  515   915   674   982   574 
  938   686   596   604   794 
  874   537   715   811   871 
  959   650   830   741   560 
  822   862   525   925   805 
  898   708   725   571   692 
  744   811   824   556   979 
  652   843   665   823   771 
  508   890   980   680   834 
  941   693   775   873   541 
  549   687   793   648   914 
  899   658   597   642   635 
  705   643   611   783   884 
  609   994   927   884   543 
  997   852   505   856   874 
  941   813   711   988   553 
  975   950   725   806   593 
  674   910   589   955   651 
  973   571   831   640   715 
  785   585   820   920   745 
  894   769   774   505   981 
  848   918   547   590   878 
  975   900   591   680   737 
  739   912   794   874   639 
  851   830   776   932   677 
  597   967   789   725   594 
  547   659   639   721   952 
  743   976   835   868   513 
