  735   808   768   798   703 
  816   845   975   681   611 
  852   649   874   643   710 
  584   890   899   929   793 
  672   669   749   672   875 
  852   654   823   979   799 
  567   924   880   834   624 
  578   974   534   666   632 
  902   539   746   621   576 
  831   926   702   749   745 
  756   681   533   818   986 
  901   817   917   909   555 
  629   743   752   994   716 
  685   581   786   859   919 
  580   811   618   978   725 
  609   957   774   888  1000 
  604   548   873   858   956 
  788   756   843   765   786 
  984   705   967   580   992 
  880   736   619   972   940 
  937   630   905   597   504 
  636   616   855   875   899 
  957   616   532   892   632 
  791   895   751   716   756 
  867   740   547   662   729 
  921   824   736   987   593 
  559   943   952   985   621 
  795   940   933   901   613 
  930   739   732   882   817 
  712   842   614   543   918 
  856   788   706   675   887 
  776   604   962   711   912 
  640   889   535   809   934 
  677   875   712   983   573 
  849   641   634   941  1000 
  917   746   587   524   926 
  881   762   890   511   573 
  942   726   517   886   648 
  624   831   635   543   904 
  505   990   986   545   675 
  710   898   586   674   766 
  781   908   521   750   779 
  949   959   848   603   849 
  775   783   978   682   704 
  529   993   959   749   551 
  706   867   839   913   642 
  820   650   738   920   941 
  765   962   930   656   839 
  866   535   958   722   745 
  749   779   759   735   784 
  833   843   604   847   737 
  650   513   981   856   629 
  614   691   534  1000   660 
  993   506   666   595   583 
  861   894   614   976   502 
  789   639   818   605   867 
  965   783   626   787   624 
  780   812   698   526   851 
  751   612   941   955   566 
  608   840   927   995   598 
  873   872   999   517   983 
  891   589   986   662   739 
  884   584   539   946   832 
  849   669   814   678   719 
  757   726   788   517   987 
  782   519   750   985   633 
  872   629   575   970   985 
  988   692   539   516   619 
  527  1000   923   593   836 
  603   592   587   983   830 
  990   873   652   936   547 
  624   775   634   979   655 
  939   815   571   552   989 
  576   727   961   932   611 
  813   999   870   550   744 
  637   840   741   892   792 
  778   941   784   655   690 
  606   746   835   917   619 
  675   854   794   736   834 
  999   603   506   773   600 
  998   993   715   651   552 
  688   936   955   646   696 
  604   596   789   792   937 
  953   622   641   833   833 
  646   715   608   802   973 
  841   716   621   785   858 
  540   799   983   694   947 
  968   603   644   705   742 
  905   692   739   909   772 
  845   570   792   982   585 
  823   784   921   677   766 
  842   710   763   981   822 
  588   617   988   821   876 
  765   870   908   691   636 
  609   828   795   716   645 
  855   607   850   764   858 
  824   885   957   678   759 
  634   714   898   923   885 
  751   918   624   792   654 
  564   989   972   537   885 
