  748   803   703   655   622 
  789   738   631   932   643 
  855   803   623   510   978 
  980   501   560   910   576 
  712   794   772   952   663 
  834   677   807   771   515 
  952   500   571   928   828 
  907   645   648   684   519 
  651   523   804   786   990 
  844   915   916   517   569 
  757   681   896   555   872 
  800   738   638   501   739 
  530   614   781   894   982 
  984   673   515   950   926 
  910   613   718   735   819 
  571   572   592   591   887 
  636   976   606   546   764 
  969   863   598   629   516 
  583   646   539   745   751 
  542   657   629   666   746 
  768   970   957   695   560 
  698   973   531   587   846 
  988   575   701   514   922 
  727   720   761   701   714 
  814   646   839   690   602 
  553   507   736   806   763 
  533   501   882   698   699 
  977   860   661   635   589 
  984   574   623   522   631 
  590   909   526   647   721 
  822   660   825   861   645 
  975   517   721   569   897 
  905   558   989   656   745 
  887   959   714   907   532 
  506   951   716   971   734 
  772   615   837   761   595 
  906   653   596   725   677 
  607   545   561   798   715 
  930   955   872   640   624 
  676   727   715   581   931 
  925   975   657   598   536 
  611   875   531   674   708 
  531   664   551   637   956 
  554   706   773   941   538 
  709   864   976   658   740 
  552   929   508   793   559 
  775   589   811   645   741 
  622   683   931   695   675 
  697   924   868   521   849 
  993   582   576   728   883 
  893   732   923   570   691 
  763   769   875   511   863 
  813   798   804   807   526 
  674   621   995   651   878 
  752   819   960   591   582 
  975   623   529   789   757 
  961   745   588   587   727 
  552   646   923   937   661 
  722   944   640   660   621 
  847   992   506   863   690 
  945   812   564   709   823 
  526   725   542   879   939 
  630   833   753   752   545 
  678   520   721   644   977 
  763   934   991   587   711 
  826   814   798   789   563 
  663   618   661   774   739 
  852   682   639   889   568 
  964   584   636   779   789 
  701   580   524   928   844 
  917   505   523   842   815 
  869   657   795   700   516 
  865   827   520   959   531 
  608   761   697   529   839 
  514   706   918   678   569 
  847   523   647   533   856 
  752   729   533   698   995 
  898   565   865   864   671 
  671   715   818   712   550 
  509   560   967   680   532 
  530   503   554   995   755 
  550   637   541   948   829 
  942   570   942   884   579 
  605   696   956   746   698 
  617   738   959   604   797 
  714   766   523   899   566 
  538   907   884   931   520 
  680   791   591   717   858 
  956   732   607   654   814 
  784   742   968   510   544 
  918   558   693   971   637 
  514   617   610   788   828 
  618   531   583   874   703 
  807   531   505   971   981 
  705   678   615   806   687 
  854   653   774   667   666 
  926   596   551   893   533 
  766   841   536   623   902 
  797   829   783   504   857 
  785   816   708   638   691 
