  761   711   673   501   848 
  747   606   814   590   910 
  528   889   758   832   792 
  980   622   991   865   861 
  612   703   961   946   606 
  611   876   566   840   754 
  819   688   612   560   973 
  522   662   889   925   908 
  888   560   516   531   948 
  523   747   654   623   851 
  599   694   710   679   626 
  804   522   934   947   910 
  542   789   811   607   816 
  727   543   624   885   940 
  876   516   908   961   751 
  537   586   861   997   900 
  772   745   659   921   921 
  631   786   886   911   587 
  664   608   985   830   904 
  806   699   850   631   576 
  594   602   940   903   700 
  960   697   835   975   560 
  597   759   593   912   863 
  934   505   755   572   885 
  566   823   936   527   956 
  901   585   509   713   995 
  753   875   519   835   518 
  664   603   951   827   953 
  511   880   978   902   544 
  825   800   598   537   689 
  511   913   702   780   756 
  869   517   595   532   954 
  868   904   604   515   664 
  835   655   585   555   870 
  961   718   732   932   511 
  985   703   818   627   520 
  834   601   750   619   967 
  554   796   871   924   690 
  683   772   723   944   541 
  517   816   917   811   786 
  728   914   535   792   896 
  570   860   642   839   909 
  892   714   917   974   566 
  624   786   581   922   800 
  741   997   951   571   812 
  546   575   945   996   946 
  724   717   786   625   922 
  811   956   686   708   819 
  517   721   883   606   850 
  691   695   667   759   910 
  805   812   962   595   822 
  669   505   832   828   951 
  713   798   619   960   781 
  658   726   702   939   850 
  587   903   552   770   597 
  941   540   984   903   567 
  784   992   642   601   837 
  671   876   732   665   827 
  930   540   785   628   887 
  562   647   732   873   674 
  663   508   798   764   958 
  718   523   910   539   865 
  951   703   646   600   536 
  565   965   698   649   524 
  954   831   578   642   738 
  782   921   887   606   725 
  630   627   895   838   705 
  945   720   580   671   830 
  811   699   636   982   783 
  786   652   948   810   586 
  702   664   690   631   856 
  651   725   728   706   611 
  816   936   543   544   993 
  710   567   657   853   945 
  810   556   922   952   563 
  643   899   693   916   674 
  532   898   529   841   818 
  585   685   842   998   523 
  977   732   574   996   598 
  572   615   793   867   897 
  864   708   657   622   663 
  836   666   863   620   685 
  645   631   517   577   976 
  828   820   553   790   717 
  752   975   919   594   736 
  512   718   861   563   917 
  678   883   592   777   560 
  779   854   655   793   849 
  539   715   949   716   688 
  635   942   591   540   859 
  977   593   634   949   760 
  733   894   888   577   740 
  801   941   815   766   566 
  949   827   534   993   868 
  567   817   885   707   749 
  929   573   990   936   786 
  994   562   957   707   638 
  654   655   826   518   914 
  817   509   591   695   965 
  972   561   880   879   818 
