  764   996   987   840   975 
  970   764   928   800   606 
  768   626   584   625   676 
  984   816   500   581   622 
  648   591   783   854   677 
  568   514   661  1000   840 
  746   875   946   657   980 
  870   525   771   734   725 
  789   519   963   594   769 
  899   985   702   937   592 
  562   516   784   884   733 
  775   611   659   812   954 
  577   684   743   927   990 
  849   865   814   559   558 
  590   567   598   933   939 
  849   911   877   537   978 
  807   562   827   731   752 
  953   941   701   635   575 
  907   579   627   856   961 
  681   523   643   869   716 
  950   893   574   590   963 
  849   845   928   687   657 
  680   797   734   950   602 
  738   963   693   890   631 
  934   985   776   707   558 
  935   877   593   635   674 
  578   512   604   862   741 
  836   633   951   948   524 
  666   630   916   911   529 
  840   786   524   889   764 
  563   518   779   874   793 
  559   834   621   903   730 
  965   782   697   564   522 
  744   537   829   962   505 
  557   783   861   892   915 
  938   620   871   505   872 
  730   540   889   645   995 
  804   500   628   674   797 
  913   800   650   547   778 
  842   751   889   547   737 
  656   631   696   891   724 
  562   688   917   851   653 
  918   757   869   528   798 
  760   828   784   629   976 
  890   826   547   717   703 
  553   834   587   694   978 
  977   556   593   681   526 
  830   770   570   793   721 
  689   938   817   607   982 
  854   874   828   845   544 
  794   702   876   697   624 
  665   816   601   853   895 
  835   787   529   927   898 
  615   776   879   955   710 
  858   731   856   575   909 
  787   596   588   805   953 
  619   858   693   963   721 
  895   885   543   619   716 
  543   955   883   905   717 
  632   671   686   908   679 
  772   588   784   924   664 
  580   774   596   897   937 
  798   600   949   619   899 
  716   817   620   938   719 
  996   630   822   543   762 
  556   978   986   957   638 
  855   690   805   998   522 
  918   610   527   865   903 
  611   787   583   871   759 
  629   625   507   838   990 
  763   526   901   857   740 
  834   869   556   621   970 
  909   650   501   555   965 
  905   507   768   900   529 
  699   906   989   831   952 
  807   901   517   885   940 
  567   532   772   959   551 
  970   704   580   969   531 
  689   890   827   841   893 
  803   621   924   504   707 
  709   965   511   977   751 
  873   605   736   675   794 
  809   795   975   508   690 
  635   597   996   655   947 
  916   590   593   570   868 
  795   757   887   915   558 
  992   883   588   705   550 
  936   700   921   853   517 
  739   819   901   928   508 
  818   903   541   804   619 
  770   845   540   955   679 
  973   578   590   688   672 
  557   980   740   913   775 
  916   846   722   631   650 
  954   536   634   670   831 
  719   580   878   873   703 
  981   613   912   511   779 
  790   706   575   678   870 
  982   691   812   567   858 
  898   714   500   831   773 
