  713   913   517   848   681 
  839   562   919   953   526 
  597   874   703   556   636 
  680   737   976   846   706 
  815   566   524   662   690 
  504   509   939   920   744 
  768   959   592   666   854 
  733   910   539   863   932 
  567   714   842   638   938 
  527   844   835   722   572 
  842   783   968   661   505 
  801   643   696   787   787 
  562   595   782   995   991 
  625   739   995   752   564 
  797   542   646   956   622 
  733   964   956   642   627 
  905   855   704   528   552 
  769   920   639   688   890 
  502   605   527   976   526 
  809   617   557   639   830 
  618   996   921   576   538 
  702   529   917   744   822 
  641   529   920   964   784 
  562   622   919   730   924 
  891   554   762   860   789 
  548   618   773   974   739 
  718   873   645   636   947 
  619   671   711   756   881 
  672   918   988   667   558 
  774   555   736   702   818 
  731   703   851   692   587 
  610   559   954   899   721 
  780   823   672   605   703 
  630   715   611   690   771 
  718   753   907   699   770 
  753   715   980   530   889 
  894   521   750   968   815 
  941   700   800   580   996 
  842   800   521   511   882 
  928   747   581   656   806 
  981   699   560   521   878 
  925   692   884   513   772 
  731   564   685   907   908 
  508   528   892   962   948 
  754   529   917   506   679 
  862   565   520   957   990 
  777   740   593   835   572 
  567   965   644   716   617 
  590   828   659   517   801 
  811   656   840   766   553 
  709   610   798   847   611 
  887   763   560   505   939 
  528   607   531   968   850 
  536   833   820   753   610 
  572   516   983   601   631 
  630   772   738   833   604 
  583   866   873   674   930 
  569   533   741   706   903 
  966   555   703   606   526 
  752   547   724   888   923 
  880   647   933   600   510 
  541   533   939   918   949 
  525   501   982   744   603 
  867   685   959   740   652 
  564   930   630   944   774 
  851   592   550   976   689 
  543   651   883   724   913 
  825   779   569   863   636 
  605   917   531   807   807 
  513   613   738   954   983 
  935   687   879   550   773 
  939   709   586   521   782 
  587   605   755   696   807 
  851   689   913   558   936 
  958   539   829   563   784 
  932   644   542   959   668 
  978   538   916   960   674 
  962   609   512   956   669 
  642   741   607   917   876 
  829   910   501   555   916 
  822   527   694   865   766 
  626   778   617   697   589 
  608   775   720   938   979 
  664   964   557   704   716 
  958   948   902   508   547 
  557   765   974   539   635 
  519   987   583   795   572 
  827   803   774   974   571 
  958   602   784   676   662 
  985   564   514   896   807 
  543   562   906   962   642 
  506   569   759   973   995 
  965   515   808   756   767 
  938   869   617   767   562 
  537   908   797   882   777 
  711   804   759   724   502 
  581   881   706   745   835 
  669   749   931   620   969 
  837   704   631   566   775 
  832   723   788   776   652 
