  796   718   778   809   884 
  798   521   782   577   847 
  701   884   799   748   914 
  708   865   898   902   879 
  623   808   611   865   987 
  831   822   795   895   550 
  961   580   872   520   827 
  883   857   850   760   675 
  949   579   560   683   604 
  558   949   840   749   963 
  685   982   813   530   988 
  982   778   527   997   563 
  880   614   593   738   881 
  893   903   953   536   602 
  588   530   915   627   888 
  785   883   671   646   629 
  841   508   728   935   821 
  689   989   849   974   865 
  954   793   986   608   844 
  781   962   908   737   681 
  678   840   933   909   648 
  537   822   903   535   709 
  825   861   718   523   966 
  566   632   543   897   911 
  772   747   663   868   981 
  553   967   506   670   896 
  932   651   642   707   808 
  984   832   748   641   769 
  912   706   847   783   574 
  895   698   849   920   777 
