  700   807   717   692   753 
  855   593   917   823   688 
  674   882   723   955   737 
  640   572   878   597   712 
  747   711   707   510   828 
  926   828   933   654   531 
  982   948   781   710   750 
  563   983   664   793   573 
  585   959   853   890   765 
  958   608   852   577   800 
  611   626   659   529   972 
  566   709   614   845   831 
  531   922   546   903   543 
  566   788   769   938   609 
  849   608   921   529   999 
  979   772   683   892   666 
  956   656   813   754   901 
  629   779   531   985   640 
  791   872   815   765   536 
  767   520   735   955   844 
  847   836   935   795   554 
  519   846   910   635   701 
  937   533   515   971   800 
  711   787   929   548   577 
  663   789   915   901   546 
  844   660   666   735   942 
  550   735   667   828   963 
  996   919   820   700   657 
  693   587   531   959   873 
  887   835   743   508   784 
