  774   605   978   800   935 
  531   922   743   640   688 
  846   579   649   593   726 
  947   677   573   994   921 
  683   864   555   696   814 
  839   540   601   944   596 
  879   916   888   631   685 
  790   708   584   552   869 
  678   791   505   989   527 
  684   620   777   986   994 
  524   630   649   854   903 
  811   678   853   742   522 
  657   989   893   861   558 
  657   737   695   583   696 
  948   634   512   765   602 
  683   979   934   516   841 
  536   631   993   841   976 
  928   917   707   943   572 
  969   533   830   869   906 
  662   560   888   657   971 
  522   854   736   757   929 
  681   720   938   705   530 
  823   865   569   969   729 
  871   917   552   751   888 
  746   979   530   693   505 
  650   638   642   755   790 
  820   622   519   606   979 
  532   632   785   876   587 
  659   743   627   569   966 
  787   684   917   716   682 
