  735   808   768   798   703 
  816   845   975   681   611 
  852   649   874   643   710 
  584   890   899   929   793 
  672   669   749   672   875 
  852   654   823   979   799 
  567   924   880   834   624 
  578   974   534   666   632 
  902   539   746   621   576 
  831   926   702   749   745 
  756   681   533   818   986 
  901   817   917   909   555 
  629   743   752   994   716 
  685   581   786   859   919 
  580   811   618   978   725 
  609   957   774   888  1000 
  604   548   873   858   956 
  788   756   843   765   786 
  984   705   967   580   992 
  880   736   619   972   940 
  937   630   905   597   504 
  636   616   855   875   899 
  957   616   532   892   632 
  791   895   751   716   756 
  867   740   547   662   729 
  921   824   736   987   593 
  559   943   952   985   621 
  795   940   933   901   613 
  930   739   732   882   817 
  712   842   614   543   918 
