  758   949   635   519   842 
  633   815   856   938   844 
  882   586   636   954   611 
  832   794   849   744   503 
  983   934   586   861   831 
  611   796   994   881   645 
  710   724   927   910   942 
  557   823   600   824   543 
  950   632   609   560   535 
  807   541   734   694   742 
  659   680   619   584   972 
  833   744   653   804   775 
  508   864   740   823   939 
  951   787   582   956   594 
  697   937   589   983   686 
  800   514   660   705   790 
  843   571   842   744   648 
  886   842   522   932   760 
  668   840   873   624   787 
  921   595   914   528   894 
  812   514   756   638   988 
  777   599   691   835   958 
  556   811   996   659   528 
  641   528   952   634   640 
  888   556   901   992   544 
  909   640   773   583   674 
  751   704   642   706   940 
  941   803   894   577   608 
  770   865   605   739   583 
  755   648   859   815   550 
