  594   630   789   823   623 
  929   983   834   623   571 
  933   576   636   935   633 
  721   530   816   666   792 
  765   528   710   826   836 
  703   624   628   940   841 
  808   743   812   759   921 
  722   886   688   800   967 
  925   539   963   727   786 
  928   644   843   615   831 
  594   645   918   722   898 
  715   549   656   936   806 
  606   741   706   816   922 
  856   984   687   658   998 
  876   545   719   784   880 
  731   958   552   748   558 
  537   885   948   759   632 
  553   887   818   634   987 
  675   919   928   644   826 
  882   986   820   553   505 
  571   732   909   708   566 
  993   613   659   698   503 
  513   772   732   895   775 
  580   571   692   787   961 
  694   868   867   584   705 
  922   717   951   575   911 
  611   709   953   775   539 
  520   828   959   532   677 
  885   658   957   666   551 
  853   808   736   590   801 
