  748   803   703   655   622 
  789   738   631   932   643 
  855   803   623   510   978 
  980   501   560   910   576 
  712   794   772   952   663 
  834   677   807   771   515 
  952   500   571   928   828 
  907   645   648   684   519 
  651   523   804   786   990 
  844   915   916   517   569 
  757   681   896   555   872 
  800   738   638   501   739 
  530   614   781   894   982 
  984   673   515   950   926 
  910   613   718   735   819 
  571   572   592   591   887 
  636   976   606   546   764 
  969   863   598   629   516 
  583   646   539   745   751 
  542   657   629   666   746 
  768   970   957   695   560 
  698   973   531   587   846 
  988   575   701   514   922 
  727   720   761   701   714 
  814   646   839   690   602 
  553   507   736   806   763 
  533   501   882   698   699 
  977   860   661   635   589 
  984   574   623   522   631 
  590   909   526   647   721 
