  761   711   673   501   848 
  747   606   814   590   910 
  528   889   758   832   792 
  980   622   991   865   861 
  612   703   961   946   606 
  611   876   566   840   754 
  819   688   612   560   973 
  522   662   889   925   908 
  888   560   516   531   948 
  523   747   654   623   851 
  599   694   710   679   626 
  804   522   934   947   910 
  542   789   811   607   816 
  727   543   624   885   940 
  876   516   908   961   751 
  537   586   861   997   900 
  772   745   659   921   921 
  631   786   886   911   587 
  664   608   985   830   904 
  806   699   850   631   576 
  594   602   940   903   700 
  960   697   835   975   560 
  597   759   593   912   863 
  934   505   755   572   885 
  566   823   936   527   956 
  901   585   509   713   995 
  753   875   519   835   518 
  664   603   951   827   953 
  511   880   978   902   544 
  825   800   598   537   689 
  511   913   702   780   756 
  869   517   595   532   954 
  868   904   604   515   664 
  835   655   585   555   870 
  961   718   732   932   511 
  985   703   818   627   520 
  834   601   750   619   967 
  554   796   871   924   690 
  683   772   723   944   541 
  517   816   917   811   786 
  728   914   535   792   896 
  570   860   642   839   909 
  892   714   917   974   566 
  624   786   581   922   800 
  741   997   951   571   812 
  546   575   945   996   946 
  724   717   786   625   922 
  811   956   686   708   819 
  517   721   883   606   850 
  691   695   667   759   910 
