  748   803   703   655   622 
  789   738   631   932   643 
  855   803   623   510   978 
  980   501   560   910   576 
  712   794   772   952   663 
  834   677   807   771   515 
  952   500   571   928   828 
  907   645   648   684   519 
  651   523   804   786   990 
  844   915   916   517   569 
  757   681   896   555   872 
  800   738   638   501   739 
  530   614   781   894   982 
  984   673   515   950   926 
  910   613   718   735   819 
  571   572   592   591   887 
  636   976   606   546   764 
  969   863   598   629   516 
  583   646   539   745   751 
  542   657   629   666   746 
  768   970   957   695   560 
  698   973   531   587   846 
  988   575   701   514   922 
  727   720   761   701   714 
  814   646   839   690   602 
  553   507   736   806   763 
  533   501   882   698   699 
  977   860   661   635   589 
  984   574   623   522   631 
  590   909   526   647   721 
  822   660   825   861   645 
  975   517   721   569   897 
  905   558   989   656   745 
  887   959   714   907   532 
  506   951   716   971   734 
  772   615   837   761   595 
  906   653   596   725   677 
  607   545   561   798   715 
  930   955   872   640   624 
  676   727   715   581   931 
  925   975   657   598   536 
  611   875   531   674   708 
  531   664   551   637   956 
  554   706   773   941   538 
  709   864   976   658   740 
  552   929   508   793   559 
  775   589   811   645   741 
  622   683   931   695   675 
  697   924   868   521   849 
  993   582   576   728   883 
