  764   996   987   840   975 
  970   764   928   800   606 
  768   626   584   625   676 
  984   816   500   581   622 
  648   591   783   854   677 
  568   514   661  1000   840 
  746   875   946   657   980 
  870   525   771   734   725 
  789   519   963   594   769 
  899   985   702   937   592 
  562   516   784   884   733 
  775   611   659   812   954 
  577   684   743   927   990 
  849   865   814   559   558 
  590   567   598   933   939 
  849   911   877   537   978 
  807   562   827   731   752 
  953   941   701   635   575 
  907   579   627   856   961 
  681   523   643   869   716 
  950   893   574   590   963 
  849   845   928   687   657 
  680   797   734   950   602 
  738   963   693   890   631 
  934   985   776   707   558 
  935   877   593   635   674 
  578   512   604   862   741 
  836   633   951   948   524 
  666   630   916   911   529 
  840   786   524   889   764 
  563   518   779   874   793 
  559   834   621   903   730 
  965   782   697   564   522 
  744   537   829   962   505 
  557   783   861   892   915 
  938   620   871   505   872 
  730   540   889   645   995 
  804   500   628   674   797 
  913   800   650   547   778 
  842   751   889   547   737 
  656   631   696   891   724 
  562   688   917   851   653 
  918   757   869   528   798 
  760   828   784   629   976 
  890   826   547   717   703 
  553   834   587   694   978 
  977   556   593   681   526 
  830   770   570   793   721 
  689   938   817   607   982 
  854   874   828   845   544 
