  713   913   517   848   681 
  839   562   919   953   526 
  597   874   703   556   636 
  680   737   976   846   706 
  815   566   524   662   690 
  504   509   939   920   744 
  768   959   592   666   854 
  733   910   539   863   932 
  567   714   842   638   938 
  527   844   835   722   572 
  842   783   968   661   505 
  801   643   696   787   787 
  562   595   782   995   991 
  625   739   995   752   564 
  797   542   646   956   622 
  733   964   956   642   627 
  905   855   704   528   552 
  769   920   639   688   890 
  502   605   527   976   526 
  809   617   557   639   830 
  618   996   921   576   538 
  702   529   917   744   822 
  641   529   920   964   784 
  562   622   919   730   924 
  891   554   762   860   789 
  548   618   773   974   739 
  718   873   645   636   947 
  619   671   711   756   881 
  672   918   988   667   558 
  774   555   736   702   818 
  731   703   851   692   587 
  610   559   954   899   721 
  780   823   672   605   703 
  630   715   611   690   771 
  718   753   907   699   770 
  753   715   980   530   889 
  894   521   750   968   815 
  941   700   800   580   996 
  842   800   521   511   882 
  928   747   581   656   806 
  981   699   560   521   878 
  925   692   884   513   772 
  731   564   685   907   908 
  508   528   892   962   948 
  754   529   917   506   679 
  862   565   520   957   990 
  777   740   593   835   572 
  567   965   644   716   617 
  590   828   659   517   801 
  811   656   840   766   553 
