  796   718   778   809   884 
  798   521   782   577   847 
  701   884   799   748   914 
  708   865   898   902   879 
  623   808   611   865   987 
  831   822   795   895   550 
  961   580   872   520   827 
  883   857   850   760   675 
  949   579   560   683   604 
  558   949   840   749   963 
  685   982   813   530   988 
  982   778   527   997   563 
  880   614   593   738   881 
  893   903   953   536   602 
  588   530   915   627   888 
  785   883   671   646   629 
  841   508   728   935   821 
  689   989   849   974   865 
  954   793   986   608   844 
  781   962   908   737   681 
  678   840   933   909   648 
  537   822   903   535   709 
  825   861   718   523   966 
  566   632   543   897   911 
  772   747   663   868   981 
  553   967   506   670   896 
  932   651   642   707   808 
  984   832   748   641   769 
  912   706   847   783   574 
  895   698   849   920   777 
  891   932   632   593   526 
  688   687   983   977   521 
  743   616   982   717   715 
  990   797   621   629   803 
  551   624   722   768   926 
  861   971   585   601   577 
  572   820   909   753   867 
  690   797   507   931   587 
  689   995   728   576   929 
  668   627   672   795   937 
  597   912   866   729   733 
  587   664   976   766   789 
  518   979   899   947   827 
  700   783   601   920   729 
  528   590   941   557   988 
  702   752   894   922   873 
  852   844   885   623   638 
  920   501   806   755   683 
  587   550   862   950   672 
  904   641   685   919   806 
  957   706   835   845   548 
  621   900   870   721   876 
  738   832   913   595   572 
  543   531   932   670  1000 
  667   767   980   659   834 
  707   550   731   721   918 
  711   827   584   943   534 
  921   644   734   915   505 
  893   725   763   538   933 
  512   668   890   705   944 
  913   669   500   801   809 
  502   998   865   927   815 
  554   854   867   533   931 
  842   812   876   785   659 
  706   583   619   944   959 
  850   736   560   823   523 
  841   895   662   519   629 
  655   675   912   971   653 
  761   830   659   928   702 
  993   574   679   845   726 
  531   686   902   757   723 
  730   730   826   532   866 
  547   996   984   786   706 
  671   779   829   511   963 
  819   684   546   619   954 
  794   959   571   865   900 
  835   539   959   939   501 
  872   868   850   529   675 
  556   994   698   934   503 
  737   714   905   687   711 
