  594   630   789   823   623 
  929   983   834   623   571 
  933   576   636   935   633 
  721   530   816   666   792 
  765   528   710   826   836 
  703   624   628   940   841 
  808   743   812   759   921 
  722   886   688   800   967 
  925   539   963   727   786 
  928   644   843   615   831 
  594   645   918   722   898 
  715   549   656   936   806 
  606   741   706   816   922 
  856   984   687   658   998 
  876   545   719   784   880 
  731   958   552   748   558 
  537   885   948   759   632 
  553   887   818   634   987 
  675   919   928   644   826 
  882   986   820   553   505 
  571   732   909   708   566 
  993   613   659   698   503 
  513   772   732   895   775 
  580   571   692   787   961 
  694   868   867   584   705 
  922   717   951   575   911 
  611   709   953   775   539 
  520   828   959   532   677 
  885   658   957   666   551 
  853   808   736   590   801 
  595   762   767   905   704 
  955   905   718   672   921 
  532   662   851   645   910 
  900   706   531   773   506 
  535   627   847   917   557 
  982   503   729   844   512 
  547   741   876   627   837 
  982   869   616   551   577 
  616   770   889   906   562 
  717   620   720   887   693 
  616   590   824   789   755 
  500   654   788   897   846 
  505   978   767   653   545 
  607   877   787   838   818 
  749   892   850   929   512 
  907   769   763   704   831 
  501   655   860   746   890 
  618   805   925   509   919 
  659   991   579   796   600 
  772   684   687   826   619 
  728   870   678   757   976 
  582   936   601   727   943 
  646   692   731   920   667 
  591   790   687   851   889 
  695   856   702   832   612 
  984   797   538   635   840 
  874   993   945   554   894 
  975   670   817   521   955 
  659   701   751   849   538 
  706   585   999   507   779 
  971   721   518   888   955 
  649   535   615   872   971 
  776   752   826   595   958 
  713   597   911   578   562 
  994   502   518   713   994 
  520   893   942   791   705 
  610   749   531   892   898 
  869   571   644   814   855 
  763   784   616   984   800 
  680   806   826   648   897 
  669   884   549   548   999 
  882   911   599   560   752 
  733   977   545   945   539 
  582   817   877   658   786 
  708   785   639   840   541 
  692   644   920   549   968 
  572   834   776   667   930 
  505  1000   985   589   598 
  708   993   514   951   561 
  989   583   965   526   830 
