  758   949   635   519   842 
  633   815   856   938   844 
  882   586   636   954   611 
  832   794   849   744   503 
  983   934   586   861   831 
  611   796   994   881   645 
  710   724   927   910   942 
  557   823   600   824   543 
  950   632   609   560   535 
  807   541   734   694   742 
  659   680   619   584   972 
  833   744   653   804   775 
  508   864   740   823   939 
  951   787   582   956   594 
  697   937   589   983   686 
  800   514   660   705   790 
  843   571   842   744   648 
  886   842   522   932   760 
  668   840   873   624   787 
  921   595   914   528   894 
  812   514   756   638   988 
  777   599   691   835   958 
  556   811   996   659   528 
  641   528   952   634   640 
  888   556   901   992   544 
  909   640   773   583   674 
  751   704   642   706   940 
  941   803   894   577   608 
  770   865   605   739   583 
  755   648   859   815   550 
  627   626   913   932   736 
  933   915   672   582   626 
  679   937   831   719   838 
  902   843   764   561   519 
  949   829   714   719   581 
  997   828   856   565   517 
  808   634   865   850   699 
  685   771   601   587   843 
  813   817   839   961   718 
  671   787   590   767   822 
  610   546   945   774   836 
  835   851   708   674   542 
  973   514   554   621   903 
  901   806   582   742   910 
  581   939   693   549   575 
  978   515   751   550   638 
  798   552   856   919   823 
  572   608   672   924  1000 
  674   818   855   823   640 
  916   973   574   628   791 
  975   518   835   503   669 
  813   584   543   865   949 
  659   999   845   725   550 
  713   904   777   756   531 
  627   992   780   507   786 
  863   752   616   856   598 
  795   599   940   591   526 
  976   541   572   811   881 
  791   512   920   914   737 
  847   604   634   951   934 
  928   510   928   892   582 
  510   856   986   743   521 
  868   773   889   656   708 
  812   759   621   560   993 
  925   865   941   636   512 
  621   801   990   676   773 
  710   559   953   611   789 
  910   988   642   723   542 
  973   784   585   993   642 
  687   725   583   875   725 
  951   833   593   721   609 
  782   902   668   661   724 
  640   669   759   508   980 
  876   991   943   730   504 
  512   836   904   673   634 
  837   708   762   949   698 
  838   629   701   824   668 
  632   599   948   887   752 
  863   538   615   520   942 
  928   960   736   903   529 
