  700   807   717   692   753 
  855   593   917   823   688 
  674   882   723   955   737 
  640   572   878   597   712 
  747   711   707   510   828 
  926   828   933   654   531 
  982   948   781   710   750 
  563   983   664   793   573 
  585   959   853   890   765 
  958   608   852   577   800 
  611   626   659   529   972 
  566   709   614   845   831 
  531   922   546   903   543 
  566   788   769   938   609 
  849   608   921   529   999 
  979   772   683   892   666 
  956   656   813   754   901 
  629   779   531   985   640 
  791   872   815   765   536 
  767   520   735   955   844 
  847   836   935   795   554 
  519   846   910   635   701 
  937   533   515   971   800 
  711   787   929   548   577 
  663   789   915   901   546 
  844   660   666   735   942 
  550   735   667   828   963 
  996   919   820   700   657 
  693   587   531   959   873 
  887   835   743   508   784 
  561   767   739   754   993 
  746   739   924   607   675 
  735   651   830   841   667 
  826   671   904   828   676 
  874   775   983   541   621 
  582   521   928   582   732 
  977   761   965   742   600 
  927   981   578   744   926 
  812   552   984   784   728 
  829   504   645   942   664 
  762   919   688   668   798 
  804   858   627   799   766 
  901   881   655   574   886 
  704   732   722   713   872 
  871   869   702   713   558 
  669   943   837   548   766 
  519   779   738   592   805 
  517   899   936   506   730 
  943   696   716   503   808 
  518   560   984   732   758 
  825   999   824   896   512 
  705   938   560   888   948 
  864   649   690   826   547 
  807   861   622   663   952 
  642   776   799   863   644 
  573   773   868   960   733 
  507   503   634   923   967 
  899   666   822   653   808 
  660   999   512   705   668 
  601   967   917   537   939 
  982   513   860   601   658 
  698   640   514   964   775 
  894   998   827   503   883 
  573   877   552   761   989 
  692   665   582   889   992 
  951   561   661   809   875 
  572   918   872   772   674 
  992   639   642   594   691 
  710   950   702   534   535 
  684   963   741   818   691 
  553   813   710   996   620 
  563   914   688   768   801 
  822   730   871   704   706 
  814   532   639   840   693 
  632   975   827   992   511 
  960   900   827   648   583 
  991   524   993   666   519 
  927   994   826   592   500 
  648   694   642   808   947 
  639   850   948   949   570 
